998
339
913
182
210
581
456
496
923
770
792
571
519
738
13
935
327
694
838
931
654
561
470
246
574
569
624
102
955
133
353
895
26
761
682
652
900
139
890
134
233
194
229
894
216
542
942
884
409
297
545
981
205
208
330
363
346
463
857
374
636
795
576
813
499
971
403
74
502
764
221
802
604
424
141
128
750
98
530
856
568
84
690
660
538
518
614
509
493
565
893
733
96
584
263
328
610
820
313
325
558
842
970
356
212
606
705
268
401
52
171
250
774
226
465
988
513
135
692
172
621
789
801
36
203
167
285
435
866
436
952
609
244
695
232
673
479
643
405
207
637
315
666
668
423
277
71
698
854
598
547
601
541
22
751
482
783
375
656
8
451
384
645
12
459
553
293
962
821
199
334
508
490
849
326
632
458
675
742
505
873
825
929
377
959
242
853
118
990
919
943
757
876
23
575
320
6
280
719
343
659
968
291
691
641
309
145
218
292
985
768
236
791
592
169
595
703
587
27
557
525
747
563
885
731
947
559
472
386
40
402
279
95
514
245
718
787
887
951
767
809
549
257
486
726
271
882
7
165
720
677
740
700
107
619
523
407
454
771
647
858
237
21
359
765
804
715
259
131
50
861
352
69
934
5
62
961
613
103
933
653
589
797
843
717
294
507
31
192
852
150
865
9
20
745
897
868
111
379
448
602
734
905
488
58
875
974
282
190
736
937
633
741
699
803
626
79
874
540
274
672
378
649
599
385
941
469
206
78
603
605
261
841
17
193
805
780
987
727
623
370
241
755
455
358
439
850
629
921
383
910
617
373
504
969
533
329
429
527
211
457
332
136
631
262
303
566
400
129
973
812
478
993
878
310
759
697
90
484
437
106
444
466
198
311
788
836
146
497
302
68
87
992
879
39
147
453
833
331
594
63
398
714
892
480
503
209
234
925
260
158
117
66
286
113
596
831
29
650
3
837
818
991
357
953
537
928
299
902
56
273
800
290
168
43
956
450
781
238
10
539
500
376
441
593
183
851
984
366
840
749
945
811
300
317
620
648
124
434
37
713
269
506
573
763
597
567
932
627
162
119
635
100
611
590
775
406
316
778
307
433
70
201
184
785
227
142
408
462
687
822
432
485
918
799
669
739
253
380
222
48
312
345
760
967
104
562
411
137
521
899
1
240
824
80
769
219
438
295
958
950
347
489
112
936
754
845
689
870
834
422
548
161
483
847
864
431
810
156
443
678
846
185
869
746
321
670
512
130
191
460
60
551
154
898
360
889
586
88
510
863
173
289
839
337
983
965
560
693
948
716
394
91
944
364
655
550
886
399
914
308
367
230
333
215
625
796
555
278
101
258
531
924
638
174
179
572
252
340
532
350
608
615
284
151
498
121
81
381
556
204
816
711
686
426
464
418
355
338
997
600
830
630
225
949
729
75
296
823
966
202
543
430
16
38
819
474
85
76
468
393
382
177
188
907
109
73
24
427
164
143
93
45
662
116
389
336
680
344
976
940
814
978
391
794
776
247
665
515
658
349
773
832
318
957
149
737
808
223
33
163
529
351
743
618
217
495
148
97
634
616
421
449
975
61
684
786
301
671
57
476
642
445
676
53
748
996
1000
15
758
536
756
639
582
231
200
829
546
999
132
667
752
123
859
272
105
467
388
908
867
706
994
41
917
657
790
930
249
390
110
904
354
723
848
679
526
461
580
517
415
115
477
59
166
276
732
906
877
492
186
47
270
281
915
44
779
938
977
122
501
138
187
196
622
989
442
64
267
828
387
607
32
911
661
979
835
372
903
322
871
570
42
319
688
922
155
826
11
288
447
685
30
197
83
446
181
120
709
306
348
243
92
883
176
544
912
920
554
612
266
368
420
972
144
256
324
766
25
89
855
696
251
528
674
475
175
298
235
579
152
178
844
419
4
72
960
214
305
416
777
160
753
473
722
827
651
535
860
552
862
417
414
644
704
51
65
369
362
701
395
452
428
817
909
82
189
341
815
213
114
578
159
54
585
762
522
980
254
683
413
881
265
872
807
140
725
224
18
784
77
524
798
806
108
396
287
564
127
323
916
125
153
14
335
371
157
49
314
926
939
577
588
195
19
520
516
782
708
487
86
730
440
728
248
94
954
721
963
365
397
646
55
896
591
891
35
946
793
494
628
710
275
239
640
126
46
392
99
304
283
664
583
964
170
986
404
534
735
511
471
724
361
901
2
34
180
772
255
28
264
744
67
410
927
681
491
412
220
342
888
707
702
995
481
880
712
982
663
228
425
