498
433
485
227
359
391
181
171
31
167
143
348
55
234
284
406
168
14
137
122
420
190
330
496
468
140
376
441
282
217
159
24
312
450
130
232
354
258
75
28
196
322
401
460
437
224
40
110
371
194
349
16
306
237
379
280
413
170
160
161
59
17
432
236
483
96
117
346
136
62
345
195
375
453
417
152
270
115
350
440
275
162
8
76
489
187
22
103
248
54
422
472
251
276
180
56
186
397
301
95
101
35
305
400
89
213
443
373
302
271
127
419
87
66
320
290
497
27
334
378
479
83
427
71
244
412
396
292
487
331
380
415
430
93
29
99
390
484
219
256
459
216
112
408
382
490
197
317
1
11
273
98
407
38
220
20
233
211
307
394
272
291
274
114
428
296
150
36
182
351
148
108
157
230
97
281
478
421
253
242
206
466
297
178
435
410
51
61
495
25
399
88
366
120
358
202
77
47
289
129
254
332
480
241
259
141
482
132
156
68
69
411
377
173
201
78
449
80
45
494
328
493
105
86
405
215
423
338
383
189
149
288
337
374
139
222
58
179
43
151
126
389
199
300
133
155
447
250
452
4
369
285
107
175
425
41
303
355
261
164
64
367
294
134
249
388
49
283
293
260
113
30
188
298
424
109
429
225
311
467
414
146
18
339
448
309
279
381
404
19
72
267
264
340
39
246
158
439
326
5
135
44
342
50
431
304
477
403
48
357
169
243
191
32
361
2
214
204
163
368
60
239
475
269
266
226
208
57
33
131
461
418
486
255
324
455
94
174
128
323
185
265
74
262
21
398
85
318
176
235
102
84
229
221
121
90
177
13
207
476
436
247
46
145
458
321
286
91
53
499
81
469
172
463
426
457
451
278
183
42
92
333
335
116
315
73
491
473
464
314
370
6
329
52
488
15
386
123
106
138
193
245
308
434
238
310
228
364
470
252
365
144
402
474
446
240
142
454
166
327
118
319
198
65
100
82
111
67
79
442
165
372
444
316
445
10
471
347
3
119
360
192
203
37
154
313
384
387
362
7
218
200
299
184
465
356
9
277
416
125
385
352
223
210
492
344
209
438
343
462
205
287
325
26
153
147
212
363
353
231
481
393
336
268
295
409
104
341
124
500
395
70
23
63
392
12
257
456
34
263
