3998
2778
1839
1712
4531
2006
2217
4401
1490
2262
693
2486
2297
2026
2536
1151
2254
4369
1679
1740
1446
4589
709
914
2120
580
3690
4399
1837
1513
4898
1948
3481
2946
4675
189
2951
1761
4290
211
4409
1388
540
480
3835
4875
271
3697
2577
2489
3464
4980
4627
1199
3925
2191
751
3444
2140
4021
1193
384
2288
4078
850
2815
133
3075
3014
4527
4400
4186
3779
4195
2104
4059
1061
3382
2400
290
970
2945
2684
951
63
1810
4673
1056
2431
4181
1705
759
1491
3856
3392
428
446
2272
4799
912
399
1122
4949
1609
741
517
2960
2983
1440
2792
2606
1150
4601
610
1092
170
3427
2178
3423
1953
21
1637
639
2039
607
4523
3921
3262
86
420
2359
664
675
4931
3413
3583
678
468
1258
419
1130
544
2352
3011
3703
3210
2825
4753
3843
3864
2910
2535
1528
1360
224
1572
3096
3495
2147
2716
2387
4834
1357
180
2304
1565
2949
2295
1370
2639
1124
3332
3470
2380
2294
4561
2515
3818
4615
2820
1759
3691
4014
3721
2470
1512
4307
2985
434
817
2939
4105
313
151
3498
218
4882
3247
3865
177
4090
3147
377
939
148
2740
274
2013
194
3346
608
3560
3784
3349
3118
3424
4526
2798
2981
278
3200
4356
2293
4616
4189
3806
2325
2752
2713
1090
1328
842
4910
1084
2677
18
3341
488
4285
4490
1012
3113
4320
4873
3379
1334
291
4815
3718
2513
3493
139
4594
645
4596
185
4646
2586
3195
1780
3770
3360
613
4488
4036
1855
2668
4805
4403
2635
1275
2329
3743
1121
3428
861
138
3636
1784
2403
4063
1054
4266
683
989
1329
2727
269
2423
4260
1216
3093
4587
2621
2763
3475
3660
1818
2764
2898
3158
1016
4782
3295
2258
2737
1875
2616
4329
1857
3501
1034
1213
116
1414
3389
857
3813
4672
2599
4459
4918
1718
61
144
3781
195
3207
1825
3401
3951
3236
3879
617
4349
2538
3870
4831
2748
2492
3536
1250
1693
1833
1540
2868
4682
230
3829
1160
2935
918
4482
328
995
3619
3817
409
1171
3820
1313
2326
3412
3628
1510
4066
877
572
3047
3555
3717
1957
4975
4196
3404
943
1161
1570
2395
573
3940
3639
348
1186
1817
4046
1472
4198
3762
4446
3310
3694
2788
17
3532
1872
2091
2076
4112
1532
1086
3776
2768
1144
979
726
3968
2018
3353
1996
1062
2970
4742
3735
4298
2669
2777
4979
3986
1575
1339
2030
2020
2118
1599
1757
2614
3340
1680
728
4142
2894
4023
46
4283
1533
4954
2019
2361
3625
2725
4703
1618
2148
2179
3336
1577
819
937
3678
1345
3288
4890
4607
69
3029
3442
1806
2007
1552
3883
2667
3862
443
655
308
2544
4802
4969
4246
4079
4074
2099
500
2047
4730
3121
1861
1657
4901
2658
790
2865
3071
1885
3019
4991
456
1020
1601
816
548
242
3653
2343
1384
2966
4018
4500
75
2881
933
495
4664
2783
4709
2481
3935
3366
2089
3103
3215
3100
1636
3124
1923
3269
2914
1309
3355
4419
4611
807
4988
535
3024
1725
561
3161
2996
2113
2467
45
44
3931
4095
953
1051
3918
3465
4372
4227
2389
62
2941
1326
1842
4880
1651
2437
987
1255
2553
2877
1973
4038
2793
3053
4379
4516
2546
1977
3791
3642
4052
3970
4767
433
2844
2494
2872
551
2710
3204
3643
597
59
3831
2345
3107
2762
3947
4573
1140
2501
4837
4668
2303
4995
2867
228
4812
1394
2310
4450
3819
1518
1177
1489
1934
1688
1912
3757
205
2043
3302
4543
4159
2596
3230
430
4745
1256
263
1295
4310
3227
775
4595
4773
1723
4001
1653
4903
3988
1629
316
1251
3511
3889
458
2115
2066
3515
868
3179
4448
1622
3138
713
3732
4731
3345
3595
2373
1443
4512
637
4952
4801
33
4973
67
2646
4297
1352
2468
2049
3337
354
2888
3626
2092
1238
1096
1427
3339
1974
470
1508
4647
4017
3463
260
3754
1892
2729
3451
4295
2556
4705
595
4732
2660
3798
642
777
614
3558
1608
1149
104
3347
972
3022
3001
3363
2947
2084
4274
887
190
4869
8
3490
4239
1760
3145
745
2952
3567
564
528
4809
452
478
1418
2497
4004
3312
2052
2647
508
60
662
958
4549
149
4123
3737
1917
3123
2730
621
3857
4073
982
4352
1999
2073
2862
898
4750
2681
37
4803
2965
1297
1343
651
3773
3768
2866
2601
1429
237
1965
4588
92
1497
2622
4235
590
680
3875
1176
2962
110
1751
778
4380
56
4048
2690
2340
3672
579
539
181
3522
2738
203
1848
3078
88
1684
3386
3009
684
1961
1335
168
4161
967
2117
1049
154
4683
2851
4817
682
1801
3605
2925
3716
3648
1107
956
4508
244
2259
4707
545
3568
388
1304
1964
321
623
1543
4208
963
4764
2350
2665
7
3541
2703
2031
76
4808
301
4321
475
1666
4572
305
1265
4143
163
3956
4848
223
146
968
2543
4265
1272
2266
484
4439
135
4971
3610
4224
3233
1881
2598
2141
1426
1713
4509
2789
3032
36
2517
916
1640
1495
2686
2008
1662
1081
1690
2478
3731
100
1078
1241
2062
1853
625
77
3650
1091
2311
3072
902
2909
4766
2466
2511
4182
2015
4857
1633
3374
1698
4525
3949
810
235
895
1127
1397
3751
1997
1229
4461
4976
1129
2283
3400
26
1030
2695
4591
3984
2014
3448
1366
4353
3291
565
4366
2405
2900
1385
192
4373
283
946
4420
4945
1419
878
3456
1396
3275
1437
3824
1257
4569
184
4162
1682
959
2313
1930
1192
2526
3859
89
971
3987
2003
2050
1128
1645
2591
1733
1417
187
161
4659
1225
4632
1111
3578
3739
4800
1410
763
3034
3205
2121
2691
3594
2475
4176
1787
4455
1173
832
729
317
3040
4268
307
1463
2749
4756
3714
838
2541
1829
825
3112
2795
3263
2542
1758
112
4051
2721
3229
756
4337
340
257
1642
3752
1290
3418
1500
4893
3160
2372
4042
1779
1828
1434
694
2417
1715
3644
1254
3375
4044
836
3232
2581
4324
2134
4932
4254
1076
4649
948
3117
2663
150
1639
2374
2245
1486
4346
1330
4011
4129
4144
4642
2528
2906
1194
3540
1517
3131
2919
1596
2832
4619
3608
3328
4639
272
3407
3422
217
482
1252
83
1114
1231
1138
1347
4232
3067
2741
378
2933
1101
2152
588
1805
2086
2424
1224
797
3855
2548
4478
2130
2012
3164
3244
3299
1007
2360
1968
629
843
4913
981
473
3231
851
2512
2363
624
4125
3712
4075
1235
1767
4968
583
4218
2641
1731
332
814
306
4728
1573
1874
1665
4204
2648
2377
4499
4829
4827
3709
3235
853
3170
1270
1217
4081
1548
2284
1900
2149
2072
2060
1504
3603
2520
4457
1131
4977
886
2057
3637
2485
3218
3356
3514
4288
1972
4451
1556
743
1753
2563
2496
2869
4872
1093
2902
4272
454
1506
299
4914
93
132
3671
4663
3633
4313
513
3903
3279
3553
689
811
4184
4216
3601
1814
566
1674
1421
1905
2151
1995
4738
3294
1952
4440
3803
12
2214
4590
2557
1615
4851
2874
4062
1355
1755
2861
3664
2460
3035
1525
994
983
4784
4083
1932
1493
925
2208
4548
451
1638
571
1804
236
3289
4104
2255
2440
711
3651
4487
3242
527
3180
4292
3502
1453
1600
1646
3546
2612
3342
4414
2209
4520
4086
41
3523
3869
3713
2366
2928
4225
4497
593
4765
4386
3958
962
2731
4974
397
1351
4776
1154
1041
1089
1350
3592
4676
2461
1959
4752
762
2956
3902
4629
2592
1569
2890
3668
1541
3484
657
445
1643
4064
1471
1904
4840
2864
3688
1732
6
3070
1505
3775
1125
2184
1668
2679
2531
251
4584
1000
3941
3629
3885
4010
386
581
3840
1654
2839
718
2989
3077
2506
105
4650
3786
3564
96
2422
1998
1983
1424
2712
3873
2240
4199
900
1635
137
1053
813
448
4427
930
117
2719
1919
1031
4711
2823
609
1155
1226
1117
703
3957
4714
19
2137
1989
2442
2828
4481
1071
3425
4492
2108
3284
3888
2393
1475
894
1332
603
3881
707
3219
4241
2813
426
497
4022
4092
4158
314
4147
2238
4109
3258
4406
2270
2021
87
3253
3882
4620
840
4559
1259
2197
2246
4443
1703
2804
604
4936
2336
2221
4370
1408
2177
4939
2751
2987
920
525
3959
4919
3142
1246
1681
457
2687
1348
3268
1244
3828
2419
3996
2038
4049
732
881
2843
1115
1721
3146
2472
4166
1692
696
913
3331
4276
1794
4467
2100
4016
563
3376
3741
2392
1650
2899
351
24
3580
661
175
3150
2508
3245
2707
200
4534
3995
560
5000
4472
2189
1106
141
3292
4768
723
2539
761
1048
253
2953
2683
4734
934
574
123
2195
53
3243
2074
4477
2404
833
794
1200
4071
735
846
2980
250
379
330
4911
2075
1985
1327
4429
2453
4489
356
955
2391
705
4636
127
3950
3387
4476
4392
2715
2662
1880
2997
444
3435
2732
622
82
1163
804
1069
3434
2011
3509
4984
2156
2671
4622
534
3630
4624
4251
1292
4961
2799
2252
2251
4868
1288
4518
2090
214
462
3013
1222
1026
4691
341
1152
131
2257
1627
3658
2228
1587
1405
3092
724
3607
1735
2806
950
1939
2893
2733
361
2582
2620
3041
3729
3945
3497
1954
1273
4387
3317
3237
2305
3017
3136
2633
254
4444
871
670
1958
1869
310
1474
35
4486
1438
4835
465
1045
765
2831
372
4157
4077
4575
4823
4816
1383
766
1082
3674
2358
1678
919
2698
1553
2856
2549
3500
2234
1485
719
654
2278
3782
1765
11
3249
1009
2594
3101
4027
2826
2913
1847
1232
856
2821
2250
740
199
4820
4695
4678
4335
1398
3872
3912
3396
2462
4325
323
4069
2239
4213
3216
2045
4501
4212
1778
782
757
3938
459
25
1675
1729
2471
3267
2650
524
635
1888
543
4655
1266
2370
3421
4348
2986
717
3927
3044
4234
4965
1221
3774
3383
2302
1519
209
3030
298
4943
1984
380
1595
66
618
1425
1164
2785
2282
4602
1790
207
3367
49
744
3241
4826
1950
2878
364
1157
3139
346
690
3305
2202
4201
4390
335
3510
1763
786
553
2317
1196
1393
940
4396
3720
4327
2170
1942
4395
4025
815
2819
4989
4562
1274
1181
2231
2425
1441
1522
779
3084
3622
337
3965
991
2225
923
2498
4849
3759
2452
4541
2158
1676
3282
1799
4067
2963
2139
2564
3488
3476
3447
4774
2521
3446
3962
1065
1276
2116
4326
1361
3838
395
596
1197
3929
1567
4203
1223
2323
3756
3377
2327
4993
74
2347
1083
417
4152
4667
3662
1400
3724
3966
3992
334
3566
663
3329
4424
3454
2747
1306
3190
4361
43
490
2974
4284
4654
2219
193
1685
1832
3964
3760
4293
2991
2887
4580
1896
2289
2559
3764
823
3020
2672
4485
1412
3930
1991
2451
3155
858
776
3281
1473
4426
2233
2810
1319
2144
3833
557
2408
2132
4248
2382
3251
1469
1774
3344
3708
4906
258
238
369
2211
2383
2455
1578
3669
2516
4405
3753
2611
3046
2791
712
4341
4947
2097
1296
4103
2519
4597
1253
1795
4432
3395
1011
873
789
640
4339
4933
1098
1316
1055
280
3565
2319
537
9
1466
889
3483
4645
3834
3908
1135
2067
2918
3061
4819
3905
2503
3823
3119
2995
3460
324
1924
907
1399
2083
3399
2903
1220
554
3277
277
47
2078
3937
998
3060
275
2706
4582
2341
2692
3115
4247
3063
3763
549
2744
1392
2990
2967
1178
3315
3226
4690
3543
3457
2602
2484
2165
4464
3324
2153
4101
1468
3631
4740
4736
1800
438
4866
2754
4843
498
3334
884
2079
1625
3675
835
4300
4978
2908
2629
3640
1303
860
3848
1141
2875
4173
1619
1916
826
99
799
460
4867
3915
1104
4259
3348
569
4967
2978
3326
4879
2167
4552
2320
4545
3285
1507
505
3406
4791
3606
106
4200
3512
2109
3459
4946
796
4907
1431
2855
520
3066
2268
3466
2277
3311
1492
4554
403
975
1558
3173
85
2017
4340
2127
441
3256
1775
1248
1589
1247
1374
1001
4047
2609
3953
893
1748
4368
4935
4102
1432
1938
3727
4205
4981
2473
4263
1727
2237
1465
4422
2800
4861
1858
3504
4043
1520
221
4578
3886
3799
4098
3944
118
2082
2726
2356
1827
2759
1315
997
1882
584
2567
2527
215
4505
1068
3372
376
4891
3538
1734
1284
2701
3105
2253
4433
3350
2907
844
1120
3914
4550
4998
4883
708
1545
3257
4314
1747
173
2133
3733
3283
4510
2975
647
4452
3090
491
1631
3785
3002
3010
3588
4037
2830
2138
1604
4567
140
668
4944
976
4514
1364
401
2396
3213
570
4076
1156
3901
2449
2469
4375
4045
288
891
688
2161
1102
1433
4870
1450
2002
1777
2292
2183
4635
2936
1267
3135
3433
3711
2458
4699
1503
2661
4304
2
3677
1928
3441
760
1613
1209
2411
1823
4008
2636
1323
3254
716
3474
2673
4397
4222
4771
4136
3403
3808
3462
3177
3300
3358
2700
186
3354
178
3719
4558
1590
1022
2210
241
2705
1467
1046
3057
4706
4688
2897
3561
2550
736
3280
4902
4821
2131
4670
4725
644
4987
4151
4041
3632
3185
1208
4072
4871
2934
681
4430
3260
4453
1029
828
4255
1184
2664
808
4273
4934
1764
4810
2463
4838
841
3327
4237
3351
727
772
3699
4605
1470
3297
3562
830
2814
1624
2870
2420
1079
4830
322
2924
4278
3097
2241
1281
2342
4236
4428
2776
2637
4287
4003
3272
2194
4031
1742
3692
1023
2081
3417
901
1945
4460
4719
4362
1428
1834
750
666
2642
4394
2937
869
2114
784
219
1047
1147
1325
267
90
1445
4899
1145
1240
3069
191
2757
2993
2349
821
1918
2236
2185
1448
2235
600
4521
2436
1562
1268
4618
1170
4228
1198
3058
3
4786
4471
4384
2670
792
4757
3550
1169
2848
2273
3156
4193
2840
1925
3405
1592
285
874
1524
1344
2916
109
3715
2809
2982
4614
81
3265
2456
363
3618
659
4536
2447
4692
1406
3130
84
4604
1042
1756
172
4547
1456
961
1227
1728
245
679
2921
4131
1040
773
4758
1772
1028
1308
3909
4832
2005
4894
3795
1971
2569
2886
1598
1610
935
4657
2394
2518
4953
4876
4701
1462
4704
3252
2331
2863
1736
3012
1783
4674
1547
3656
225
4854
20
1187
54
1661
4374
1509
701
15
633
1902
4937
4110
1986
2010
3338
48
1649
3526
3704
4748
3969
875
2107
550
1811
1036
3437
2680
4308
463
169
492
3430
2482
179
2545
3054
3579
649
1189
2805
1788
4150
4034
802
4197
1010
4252
1159
615
806
2920
4824
2176
4480
4431
2603
3298
2889
58
1551
3750
4855
546
3027
1409
605
432
2044
4303
2129
2035
4230
1484
1702
586
4180
2171
1312
4463
1461
2585
2459
780
3701
1236
2207
936
1070
2901
3535
3238
502
3094
1584
4026
4190
4680
1488
2957
4289
1162
677
4737
3043
3048
3056
4154
4097
3547
4566
3693
2412
2432
2480
3128
4167
2711
166
4741
1914
3473
4715
1391
4462
2883
4137
3209
2964
4631
51
3542
1955
333
4681
400
1243
3654
3137
2279
2105
628
1864
3736
1876
3807
2036
3182
4822
4760
3849
4972
2676
4686
4145
1025
3293
167
4528
1963
3518
2718
1898
1285
1072
4716
2344
489
196
4574
3790
1038
1136
3194
4139
1789
2524
616
954
247
2931
2787
4633
2224
3003
2697
2593
3266
781
2397
511
2717
3091
3467
973
3589
3527
2654
4475
4957
3214
3778
2578
50
1560
4739
915
115
440
3220
1603
1381
2206
2938
1389
3026
4315
4793
3152
992
4296
1005
2465
1498
4449
4378
4915
3800
158
3051
4065
2173
2063
2318
366
68
3963
4334
3738
4948
481
749
4096
1791
3167
3615
4790
3907
486
4845
3126
406
1218
4330
4586
1907
966
1798
393
4436
4612
4900
2315
4082
309
903
3201
1915
4127
125
78
383
1557
4565
4858
359
2386
2174
1359
1931
2444
143
4881
1982
1382
3193
1559
1003
1058
944
373
499
4413
1824
2771
4571
890
4345
985
2652
4215
3452
1080
4124
4088
521
2551
1744
2346
3665
3529
626
1929
960
1936
226
4465
4878
2069
2123
1110
2364
3174
911
472
4625
1476
2838
206
3520
1293
2574
1371
1726
2590
1501
2808
3397
4441
2200
2610
4853
4785
2770
1242
504
1605
4755
2300
4877
598
114
2388
2371
3853
3926
1899
882
3025
3994
3521
691
4264
2111
1168
720
2488
2307
3922
4929
4818
1179
4970
3125
3191
845
2379
120
4506
1620
1137
643
4019
355
4603
2275
4056
279
941
342
1816
4775
4217
4846
4524
674
4498
1897
281
3676
1077
3689
3844
3655
4862
2263
3221
3758
3686
2645
2128
2000
1349
1237
3700
2248
350
4220
1773
2816
3006
2474
1015
2688
1057
809
4806
4542
4244
3429
2885
1439
3734
2626
201
389
2745
2004
391
2332
4708
4434
1521
2693
1616
2188
4955
638
2720
2175
706
1709
3616
2367
1372
3916
3906
4447
2782
1630
349
996
523
831
3169
3079
1546
3208
2446
2896
2950
899
1207
3809
1886
4556
2739
239
1762
2094
1260
646
1067
370
1866
2656
2450
2196
1695
2054
3641
4311
1
2427
824
4009
3420
4794
4496
3196
4787
1845
4923
3505
733
94
3415
4412
4721
2802
4365
3186
2059
3997
248
4294
3780
1687
3897
4391
4994
3270
2022
2772
1841
2575
627
2023
3531
4435
3670
532
1134
4540
4908
1373
4648
329
2227
897
2976
479
2827
4735
121
4
287
969
2213
493
1993
4713
3333
1496
1215
4291
1710
2984
3202
3264
4358
1555
4336
4754
101
2163
3617
2249
455
1402
2438
1722
3065
1300
4080
3175
829
2998
4360
2675
2631
3539
1143
1766
4609
4535
2260
4517
108
2135
4909
3217
3064
3810
2154
4560
2416
4733
2547
787
506
1691
3499
1320
864
3343
2608
1743
3846
2182
4188
2746
3771
4221
1337
3440
3111
4118
3973
160
1717
1379
3598
1846
2743
2247
4577
1926
1283
1331
2533
1390
2689
4722
2355
552
2926
2796
3143
2426
1021
4094
22
4896
2628
4421
1623
3745
4710
1478
653
1863
4351
487
2058
1210
2529
1574
4323
2216
216
4842
3769
3325
980
2846
367
1927
233
1808
555
2048
3132
4423
578
3627
4185
818
2979
3296
2822
4057
1940
4231
2495
4484
3028
129
2126
2375
1539
1593
2760
4192
1204
4122
79
2723
3080
4507
1878
4885
3059
1017
4599
2842
3468
1481
289
4494
1883
2476
2532
3991
1404
4856
1879
390
4697
3584
2682
2858
2623
3557
3910
4474
665
4277
974
993
4530
4100
4437
1822
1920
4466
3934
4598
3896
1617
1686
3948
1064
2576
699
3576
4700
4941
1280
3683
3021
3120
3884
1287
1482
1970
2579
3188
2415
4940
4262
4468
3893
575
2588
754
136
4652
2055
3787
227
2530
3765
3239
3496
2617
1211
1714
1526
4091
2971
1835
1830
414
1838
4606
3033
1318
4279
3519
2056
634
3990
312
1591
4726
1585
3184
1166
1707
3192
2009
3827
3469
4538
4887
3099
111
715
859
3489
3370
3246
344
3086
4533
507
2286
4377
422
3898
4438
3667
1172
4990
619
4411
4005
1887
2773
2959
416
1261
526
2070
3805
3286
4389
1602
164
1074
4630
4592
220
4408
1477
1494
1043
73
3837
405
3159
1966
1949
2972
1118
3851
343
3172
4054
3361
4121
3850
2905
3920
876
3391
2080
449
1871
2753
3102
256
1856
4108
122
3647
3507
27
1202
1362
3000
1279
1100
1139
837
2439
2510
72
1059
1188
3095
2187
1706
4884
124
3830
1724
3913
4751
1148
3866
4660
533
721
2351
213
3323
3491
4117
3098
2143
3826
2911
2192
3687
1044
302
3181
435
1670
2942
4999
1561
4671
2157
820
2398
1750
1203
1877
812
1195
924
2649
2229
3887
3426
3359
2433
152
3663
1033
1895
4804
1582
4233
3794
1447
3321
4519
2632
3867
3384
4897
1502
415
1075
3534
3624
2847
1632
2033
374
3313
1921
1663
2702
3839
896
4814
1700
3661
2940
3163
4344
1568
3933
1375
16
4811
2037
2988
4312
1205
1180
4410
3596
1867
3847
4626
3943
3530
2595
2884
188
57
1014
113
1249
1979
952
1354
1458
1673
1185
3122
2204
4593
3936
357
4219
1190
883
3083
4921
2122
1647
3362
3680
1479
1956
1771
1358
1523
3723
4164
3657
413
2850
567
3479
3842
4183
3151
3681
293
4282
2784
1516
801
1430
503
1146
4085
4723
4039
485
1720
758
636
3141
3228
2399
1035
3554
1413
2201
1865
3730
3804
4570
1607
1821
4623
3402
408
3004
2790
3007
2124
2321
4781
3748
3878
585
4698
582
1336
652
3322
4982
3587
2301
2653
1870
1286
202
2269
2281
3983
4286
3314
1669
3394
4813
3789
2765
4658
606
4892
4163
515
327
594
4928
4825
921
2220
1652
768
2093
2880
4996
1621
3696
1549
739
2205
3604
315
2071
1664
2338
2655
142
3018
2555
1908
1992
3822
2841
3303
4261
4301
3168
510
4002
2860
1395
1342
848
103
1754
1095
2565
1269
325
3600
156
2638
255
3880
1634
4407
2627
697
2505
91
4271
3614
4557
2077
1459
2483
2589
2845
2041
442
2537
2944
471
2146
2267
676
1515
3613
3365
2324
2369
4780
3154
742
2927
1566
3153
3895
3081
3487
483
4662
587
4418
2534
3611
1704
3178
3023
3591
3038
1683
3985
4305
1910
266
2657
2943
3890
264
1708
3928
3416
3975
1781
1480
3972
3503
2750
3666
4013
3919
4581
965
4256
1060
602
4696
1850
2285
1112
4223
3858
3740
1262
1873
174
385
2615
1027
1946
710
5
1672
3726
4608
3076
2571
748
3599
394
1416
3199
4149
4503
2704
3999
3031
4385
1785
3524
3612
4415
2029
1671
1142
1626
1802
1628
3443
2724
3409
4986
4113
3129
2634
2992
2836
3946
362
3088
2630
1659
650
2735
2330
3646
4281
3797
1201
2859
2560
4685
1032
98
1454
3290
436
1116
360
529
1436
3506
1002
2337
4746
4847
3860
1529
2087
1087
4770
2766
1363
3620
641
212
4257
4651
746
4777
296
3390
2786
1746
1901
879
631
4317
4169
2287
3062
3854
862
2028
4207
2554
4956
2309
1612
2414
4084
1346
1922
559
2807
3777
3073
13
3015
1380
3585
1537
928
2298
3517
347
2290
3979
4130
1527
3486
4712
1581
4546
1451
3577
3453
2774
2381
700
2065
927
847
3449
282
2402
4416
1988
612
2051
3042
1109
1230
4637
3645
1113
368
1689
1123
3705
4895
4515
1696
4179
222
4454
908
2378
3832
2180
4717
4964
2186
2580
3248
4966
2624
3410
3068
1158
1530
795
1890
3508
2604
2040
2046
3485
4930
2491
3371
1183
1368
2613
4841
3364
4470
4087
2112
1108
4242
931
2507
2333
4666
3635
182
2892
1301
3684
1770
3108
130
3528
673
2119
229
1407
4155
3144
734
2514
4643
4553
2973
4469
547
3411
4926
2994
4350
2168
268
2445
4789
3747
1741
2016
1050
249
3767
2882
4600
3961
2659
2368
2212
702
3287
3378
695
1854
1367
3544
1660
501
686
3816
764
3904
2155
320
1239
1271
2136
632
1990
4328
2912
3450
1403
4613
522
3679
1353
531
4962
353
4058
3783
2600
2837
4889
4140
3438
1739
2230
2917
3330
932
1024
2853
1464
4165
4226
2042
1831
2088
1913
3276
2407
929
2353
469
926
1667
1980
4306
1307
1697
4253
2172
3545
1340
3165
404
4828
4153
4924
1483
1386
1792
3793
687
4865
3439
3976
4382
3863
3492
4563
1314
2025
2276
345
2584
2365
3458
805
737
3796
1826
1909
4653
2348
4318
4963
410
396
2685
4844
4015
1365
3212
1648
4243
2583
4388
4347
4759
29
3368
3960
3825
1554
2958
1994
4874
3695
3559
4280
303
2162
3556
270
4093
2034
872
276
3597
119
467
2203
31
197
4920
755
1321
2775
692
2164
1004
3223
1299
3841
1752
2215
4115
424
2572
1947
4779
2027
4792
1132
1175
4309
986
4393
318
839
32
770
3609
3393
2619
1962
4024
3052
3891
4425
2969
2522
145
2904
4568
4628
1174
339
1019
738
788
3685
3939
1738
4702
3005
4120
381
2509
4302
2728
2001
3455
4960
3301
2873
3414
3932
429
1233
2801
4338
2322
4371
2678
1214
4250
3274
3652
2587
1745
3954
3755
4178
2339
3114
4689
4111
183
519
1008
4107
453
3472
2291
402
2384
1460
4172
4357
3569
949
4417
2457
4807
1571
4148
3211
2103
4000
3307
4376
964
1851
2354
2954
447
4677
4134
4958
3836
1967
2159
541
2160
2265
2930
2500
2651
1278
3513
2709
4942
2607
3811
2708
1782
3385
3982
4245
1889
3911
331
658
4322
3445
1820
3942
2032
909
4555
4194
4522
1415
3722
562
4863
3189
3892
1941
4275
785
4332
2932
2261
1840
1812
509
3198
783
431
80
3573
2722
1614
3792
147
128
1356
2640
4068
2385
3801
4718
4355
1369
4141
2922
476
4537
95
4258
990
516
1377
3240
3087
3308
2429
243
4679
1576
1859
14
3398
2166
3877
358
4240
4833
2915
4744
1444
4504
3710
4132
4209
880
2193
2409
2854
4927
4053
3746
4156
2096
1701
3868
52
731
2562
1291
208
2879
3861
2312
2443
3357
3923
1813
2625
1796
1310
3436
4511
1338
827
3133
3408
2955
4456
1094
1294
2244
2299
157
2714
4852
922
4061
4135
3166
4029
1420
3140
4904
4126
1511
1191
2434
1536
3581
159
2430
1656
3698
2308
39
4333
2779
2441
4539
107
3815
752
2797
1455
3649
698
3981
660
630
3306
4983
365
3533
3574
3477
3766
398
591
387
1951
803
4502
3039
1449
461
2694
40
942
3623
4638
3183
4364
3894
3261
2169
3432
4684
2199
3224
999
4729
1422
3197
336
1452
2573
4020
656
4168
3373
672
4316
4202
4269
198
669
4997
4513
3134
1103
4089
4888
4442
4012
450
3278
4985
382
852
1133
3494
4206
2064
3335
1776
1868
514
2198
4992
4864
945
4640
1538
3148
3352
4917
648
3369
4381
4585
1658
905
4114
3478
1711
1716
2857
904
2479
2306
259
1719
494
3049
3659
1264
2053
4747
888
4032
3461
1126
1694
2767
246
4187
165
1006
4119
3551
64
3471
252
2421
2504
2929
589
4270
3316
4033
2095
3380
4634
2428
4656
3516
2891
4579
2493
1803
38
2780
4040
1039
1903
2418
1807
240
4479
97
1884
4720
865
71
2948
906
2376
798
4769
1976
30
155
3593
592
3634
3106
2552
2968
338
265
1531
10
2540
326
2242
1457
2464
1583
1378
1819
4007
1066
1793
4743
466
2357
1411
1206
4925
1535
3871
2101
3638
1944
1978
2849
4483
352
1906
863
1219
2106
273
542
917
1289
3304
423
3089
2226
437
3971
4035
3874
1737
747
3802
530
4210
2781
576
769
2674
538
2817
295
984
1588
892
1891
2232
3206
4383
4797
3980
4211
854
2243
4761
1730
134
2502
1277
1212
601
42
1182
2314
2833
3742
1969
421
2605
4661
4458
2834
4905
2812
304
870
407
4551
1487
4138
4473
4583
2490
311
3234
1282
3008
1987
1341
704
4778
1981
4006
2794
4922
1768
4191
2769
620
938
3116
1809
4146
3952
667
849
1937
2644
4788
2895
3967
4174
2328
3082
834
1376
1786
3176
418
3702
4772
791
153
3570
284
1063
412
3761
4576
3548
1534
2699
4693
4359
855
4402
730
4727
2597
2734
210
1586
1228
2803
4175
2824
3255
4724
4363
4669
2742
3537
4950
204
3586
2406
1550
1387
1544
1514
3225
3552
3320
4859
1435
2390
4959
910
1333
477
2085
231
34
2098
1797
2435
1960
2829
1894
1305
292
2222
2618
558
3419
3110
3482
4564
4177
947
2561
3571
3955
3821
722
2487
4354
2256
4860
2274
3037
1442
4532
375
4050
2758
1933
577
3772
4795
1579
1153
1644
1641
1298
4398
2145
512
977
171
4229
3900
162
957
774
1893
1097
2761
714
23
4783
2643
2570
771
4299
3876
427
2102
2756
3977
1085
4763
4798
4116
1843
753
371
3725
1564
978
767
2736
496
3381
2218
3974
3109
55
822
1594
2558
262
1836
4665
3250
3924
2454
3157
3590
568
2024
2335
518
1073
4249
3749
1844
2818
1119
2401
1088
411
1324
2334
2110
4886
4544
4850
3575
4331
2061
1423
3852
3273
4495
4267
3917
1860
2666
28
2264
2316
1167
3162
1245
464
3682
685
4128
261
4106
4170
4070
1935
4238
4493
1849
2923
1911
4694
1769
4160
800
3706
4951
425
4916
1322
3621
4060
4687
3602
1563
3812
3203
4491
2362
2755
885
4445
988
297
725
3572
2566
599
556
4529
3728
2568
1013
2142
4099
2271
4762
3845
1052
2871
1302
2125
1234
866
867
3989
2448
3993
1105
2068
793
4028
2296
4938
65
232
3171
2961
1499
3582
4912
4617
3814
4404
1165
2811
3271
4319
3525
1597
3563
1677
2525
1542
3480
3149
3036
3388
2852
319
3744
3707
2876
392
3259
4367
2499
1611
1263
3074
1815
3127
2977
4839
4055
4133
4836
1099
3318
3016
1943
4214
4343
4644
611
3055
4749
2410
3104
4610
3788
2523
176
3431
300
126
102
1852
1655
3978
2280
286
1606
3222
474
3050
1317
234
4641
3045
1401
4621
3309
671
1311
1580
439
2181
3673
294
1037
2223
1862
70
4342
2835
2999
2150
3319
2413
2696
2190
3549
4171
536
4796
3187
1699
4030
3899
3085
1975
1749
1018
2477
