3998
7222
8955
1144
292
846
101
5944
7251
8870
3615
5476
2935
3201
508
8106
8144
6640
9352
8565
1119
4772
3191
8311
9353
7420
6019
1522
500
2940
9673
139
6515
1994
9762
8552
9473
4097
4596
854
3092
8866
8544
6440
1549
7418
9094
2698
8707
9767
9177
5598
5748
7036
120
5664
1559
5851
1424
6498
4132
8505
6020
2309
7946
6084
3287
5450
6685
7381
7123
1624
6226
4636
5454
1403
2414
3976
5818
4979
6254
2166
2502
9984
4330
9797
5150
2020
790
4313
2895
8670
3665
940
3949
3906
5186
5630
392
1235
5501
5768
2237
205
5745
2138
5848
9402
2947
2689
7481
5169
5991
6187
2039
3054
4098
6505
9243
3042
1947
2211
1465
3490
4975
6852
4875
7734
3406
491
7631
8488
210
1238
5643
7159
3533
7411
9771
4611
5552
6584
8945
8317
2396
2070
8543
4207
6085
2702
8455
730
9633
2556
4189
2448
5028
4175
7279
5043
3157
8726
3935
9585
4605
6537
3885
1534
1931
7730
1100
4558
1642
3177
3083
2205
3698
7088
7478
9034
3565
4054
9828
3754
3131
8474
372
2177
9109
2568
130
2982
4394
4225
5360
7019
9877
3158
8441
9082
463
8055
1561
5037
164
9174
2746
3612
275
5527
3165
2805
2974
5959
8376
5451
7294
8984
6144
4823
7297
4556
6799
3593
1055
9280
1902
3727
6312
3904
3429
7205
9383
3496
6688
4062
8088
6707
3870
967
8793
6114
2084
1806
9511
3102
4530
3721
6622
8596
8167
993
1249
6268
4168
1483
7092
4244
4742
7645
7085
2646
7435
879
5667
4965
9890
2099
4649
9098
4228
5121
8027
5907
7247
8323
5945
3670
9368
5053
7582
5884
4083
3605
1280
8626
9755
3264
3169
986
2232
6806
9971
2200
7073
2741
1540
1967
1747
1919
4398
3789
4976
4357
5264
2390
3634
3575
9549
2380
5063
6345
1464
4540
1462
3872
2847
1225
162
4566
2972
9524
9777
1789
1126
9157
744
2542
6738
2326
3933
358
6471
4960
1490
93
1212
7032
1294
6411
6467
1818
1178
751
7818
7907
8926
9007
5856
4549
5006
4324
5985
9865
5311
9201
9387
781
2314
7498
1654
5883
1084
7071
8459
5299
8646
9
7061
4802
8401
2956
8223
2213
9364
2128
7040
8840
8394
7859
4343
3078
5700
4060
8198
2774
3113
7318
6356
3539
1371
2786
6457
6698
1608
9021
8290
4529
3991
359
7575
7240
743
2358
8882
4856
3251
2612
8989
9185
6662
5266
731
8372
4256
2454
3153
8132
769
777
9731
5549
4387
1563
7249
3540
863
6761
3237
3109
7903
9531
3398
7735
7879
1186
2671
7100
4381
3756
4280
7093
3012
6656
9096
4401
9449
2240
8173
688
950
1983
9686
7612
8802
2327
2577
7442
5256
9360
7371
8412
9630
7726
2760
5268
969
5488
5184
2663
3543
8051
4754
5828
8050
6206
6468
2339
4931
5010
8642
4996
5846
1598
3062
623
8185
6294
7204
5361
8023
2976
2519
2529
5244
4218
7201
3759
3836
6734
5272
6246
214
3205
7331
1317
4684
4950
8827
8740
3913
7852
9872
9804
6155
305
2266
757
5905
9477
5262
7958
1322
1417
1799
9191
8034
8609
1862
4541
6714
980
9172
2105
6888
5770
355
2087
4778
8000
3681
1394
7432
9852
9267
2820
1986
3403
2338
3463
6368
5782
8107
3188
673
5307
4036
5902
6404
8118
4289
2499
5168
3654
3037
1923
1564
7529
4925
4660
7693
7110
6949
325
1586
4266
6417
2032
9338
5808
6278
8161
6131
1357
4170
2064
1006
8797
334
1210
1746
2359
9806
2861
1048
3299
126
406
4747
6951
4382
994
9126
1953
10000
9747
9276
4133
6073
26
2923
1154
9176
4154
8948
4147
1537
4936
2987
7971
6966
61
5652
1948
3110
4164
5218
2421
4361
6603
5300
2853
9020
465
1743
3863
3265
2148
2265
5042
5618
4435
9359
6257
952
3505
997
4271
7887
9913
2575
9589
8086
6697
1616
9656
8335
1938
8972
3160
4531
1960
6200
3763
3363
7976
2539
6333
8138
7404
4041
5989
4459
2734
5223
8360
8238
9432
4016
7554
2403
5322
7788
2881
2356
2874
2757
6125
7898
3741
8761
5966
9925
5870
4440
4277
8994
6334
7034
1164
4467
7558
2353
9596
9907
6967
552
6770
1337
7766
593
2423
1338
7594
8229
8165
9665
7981
5162
8137
116
1826
1846
642
5743
7851
2331
173
1134
242
1888
4290
6337
3775
877
1794
6579
1587
6353
1426
4756
1412
8211
4052
6978
3197
7643
7926
7126
3330
5995
4748
4775
6442
5485
7912
1911
6639
4364
5935
2748
523
3437
7626
5489
4448
6251
8031
3530
6180
3466
5073
2993
7656
92
7843
1884
4003
2422
6136
5557
4174
3161
2459
9958
7231
483
3242
5817
6289
3723
5706
3221
2021
4367
7419
7507
7138
8770
2480
3013
5011
1593
8166
2319
8774
2810
2872
3875
3167
3089
3544
2409
440
4025
1036
8647
2999
4997
6482
8982
7552
4297
6973
884
5443
2298
6459
961
7472
4284
6944
764
5327
6364
4119
6419
2796
1582
5055
1358
6363
7685
825
9822
9075
9048
3394
2493
7493
8778
8477
4546
9695
3364
1133
1612
6845
6623
4400
4372
1898
925
9051
7049
1774
5245
412
2854
3263
3829
2921
8942
4606
179
1567
9401
4019
1904
3393
4895
5517
3823
2902
5207
4526
1620
8805
807
357
5434
1489
4810
1605
4537
2779
5283
7238
8938
9874
3378
3095
4249
7385
1192
2824
9010
9919
7396
868
9458
7002
9371
6224
8983
3796
649
6451
2451
4851
154
8700
1158
5716
4419
3105
765
4509
4350
1453
5072
6051
5412
2234
5948
1301
1653
3323
4904
851
1511
9758
1754
1253
5302
4600
6507
8872
6434
2672
1574
8314
8979
3483
4873
515
6303
2002
506
1421
3035
6153
5295
8009
404
2699
30
2355
8197
646
1615
2959
5068
5569
6545
4492
377
5007
3952
883
1273
833
8745
9871
6862
5730
2554
9204
302
7308
256
5339
9056
5531
9623
842
3761
3668
6802
5155
8659
9850
4993
7330
7439
7304
6007
2827
8395
3450
6233
2894
8315
5468
2495
9144
714
4253
3765
3799
6638
8155
9494
4956
7160
7130
9736
7039
2185
6150
8919
7625
4677
1973
1629
4943
318
9567
6004
5979
9803
7195
1644
1585
260
3783
387
6941
8720
3003
1518
7125
7868
1594
8689
265
4710
3591
4155
4591
2336
6061
7094
6327
3247
5439
7841
2967
6864
5415
5629
2507
4416
1310
6290
2243
6753
9391
2375
7102
5370
8894
307
7288
4235
4701
5940
944
1696
4391
8405
3081
5471
2147
7121
8014
8878
21
3501
8464
789
9087
7674
6543
7319
5038
8199
636
7252
3045
6601
9555
5650
4340
671
4217
586
7687
7342
7514
2038
8371
8217
382
9578
3312
5961
5233
3232
6936
1883
2333
1740
1277
3276
237
4318
6320
1528
6649
9039
8849
7548
8818
9404
7691
6857
3397
8625
3491
5681
9692
3112
9607
5906
4791
6835
1115
5794
5950
142
9023
6559
1640
975
6307
9382
2365
1690
6319
7768
9651
1166
8909
686
8913
7190
8381
9448
5355
795
1208
5806
5087
6242
7103
7242
7076
9410
159
1366
6472
6634
6594
6838
5767
936
8533
2922
4654
36
163
3923
8032
9518
8875
5656
2996
1097
6485
7857
400
4325
9239
2525
6804
6619
8451
5381
917
3208
5560
5981
3088
5859
3521
2311
5013
1274
5289
7135
3199
2800
3638
1542
8852
3272
3223
1926
3395
9691
6786
2164
1959
2899
6244
9071
7893
5474
2795
7179
6134
7272
5965
8362
2958
8110
8329
470
9445
5519
3672
5951
8272
5227
5463
6420
1815
988
9965
4029
3314
7275
1344
499
2832
1328
4451
2053
7232
2469
8600
484
8570
4638
8590
4668
971
7256
2016
2483
70
6653
1487
2616
3890
9462
7661
8663
1321
2162
8772
2052
2116
8183
2248
4184
2907
3650
720
59
5849
3475
4331
7447
8385
857
3216
4662
6502
4169
4474
5707
5345
724
3427
3817
1759
8219
6174
4263
3594
1000
9552
6777
3558
8278
6589
6625
2256
2801
227
4833
8475
8097
9604
6296
7821
8687
5252
1893
8688
460
3559
2619
1787
1063
8409
3438
2886
4555
6503
6025
1351
594
7671
3513
4048
1791
4635
1001
6942
7291
4640
2045
7413
5163
3478
5814
8172
6048
5177
161
8310
6630
4302
965
2288
7820
977
562
3961
9809
2614
178
6679
4749
7699
6263
5270
516
5928
7533
6643
1190
509
585
9810
4514
1383
5226
2706
5665
6202
7547
4969
4231
7724
1428
156
9774
2563
7983
7503
8914
9018
8611
451
1187
3997
5534
1349
6428
5240
9101
3148
2591
6692
5607
4681
9807
4484
9196
121
5587
1499
5310
9269
1814
1843
3624
6342
5099
4270
7662
8811
7538
2878
8518
2431
8473
8722
5841
4038
1757
7124
7189
4089
2462
9720
9655
7454
346
1220
7446
253
82
2797
7440
2960
6494
1112
2628
3449
1478
9369
3361
6641
5464
2700
5537
2075
437
8042
8551
4834
4716
640
4348
9709
3531
5733
2415
7366
6387
5071
9990
9734
3324
4752
1167
9814
5612
9497
8177
3516
9069
9763
1825
5760
4932
3067
4081
3613
7740
739
6098
5542
9657
7655
8645
839
9550
6279
8102
5458
8163
1993
7581
6130
8041
6912
4644
1270
1589
8480
5824
4375
7642
7099
5126
792
2324
9170
9837
5191
6650
2125
3562
8287
5258
8548
9642
2541
5651
8571
6726
7212
456
6913
4245
2599
1251
1293
2171
8116
9471
3525
9135
5193
840
7542
8933
328
8349
5813
7741
4822
6657
1174
1765
7395
7957
992
8415
5867
8684
3254
4247
893
2574
4087
2595
9061
536
6009
8535
9915
8168
607
1479
9647
4669
3944
9537
3065
20
9559
1191
9032
2901
8790
5379
3173
5113
8095
2903
5890
4891
2407
2582
1176
7669
3798
91
2496
9385
830
1360
1554
9226
3645
955
4320
7302
6889
1748
2337
3854
8776
4332
648
6618
8606
8316
957
6600
6530
9787
5320
2887
3730
7496
5246
9799
198
603
1795
4840
3801
8281
2849
6412
1801
5795
2649
4675
902
7510
609
7116
3695
6078
8484
4547
1775
9291
3469
3632
767
861
1168
6741
5739
1723
8398
4339
5499
8184
5385
7905
6160
7635
1298
4310
364
5918
6402
3129
9942
1617
9911
8976
167
6474
6448
5054
514
2954
7080
9595
7370
2522
3236
8275
4523
1998
919
535
568
8342
4027
958
6528
4351
5747
4966
4799
685
4689
6205
6183
1461
2292
3579
5461
897
427
9107
1954
8786
4946
9067
3156
8510
4358
9414
8899
5711
8928
7196
8221
1243
9413
9266
8608
3643
7265
7712
2611
1161
3032
1017
4000
9671
8834
4584
7778
2308
5437
6729
3995
4001
4887
2376
766
1882
8040
2661
2175
5984
7785
5632
7453
5639
3858
7813
2869
909
522
1152
1241
9643
8607
4911
2050
7483
9344
5602
2354
926
9288
9719
4815
9583
7166
9216
6836
5736
6059
3493
806
8419
5231
4590
5722
2217
5316
2307
1214
9424
7354
3390
9557
6876
5538
1915
4603
1105
711
3413
9390
675
5566
679
4647
8937
4301
9250
9796
7365
8974
3152
6460
9258
3366
3284
5661
3689
5997
7767
5335
8923
1183
4274
5584
9659
9548
338
7858
9746
3947
2189
7736
4216
2156
7964
4379
5025
6675
9775
114
4384
519
8302
7832
1896
6288
4559
4406
1861
4067
2378
9236
869
9927
4565
60
4580
7260
4917
1873
9515
4876
2191
4610
5111
753
4085
9233
7433
8668
6731
2490
3248
5108
124
4990
4766
9365
7886
5161
4121
1824
4432
4935
5254
872
6565
8038
3794
7348
6526
7267
7794
8813
4124
7284
8355
9768
6489
5188
9700
3635
1565
5465
7877
5447
66
8150
8966
8916
741
2981
1702
200
922
2656
3415
4593
1502
3744
7970
4694
3305
3143
1512
7427
3520
7069
6418
3124
2089
4542
6399
9251
2823
6805
4800
3739
9150
4070
9118
330
3239
2428
9319
2904
6112
1248
3737
8092
6882
6400
1630
6484
6935
5442
7471
8653
2787
7127
8393
6529
341
4402
5036
7786
6815
8018
7023
9456
8162
9527
2078
5947
4921
3980
6954
140
600
2876
1332
9522
3445
6306
1259
8844
4678
8936
2697
4713
4582
2617
9395
2130
1472
350
6760
8881
2231
9832
8494
4510
2622
2473
2670
9568
2046
4075
9751
5116
1373
1736
9624
7424
8141
6210
5847
3557
1003
4007
989
7586
6219
6188
6789
3046
5096
3917
7401
9348
3888
9180
2152
3142
5663
3616
5701
9922
4883
9926
8943
9912
2351
9689
533
5478
8147
6955
690
984
7607
9394
1771
6644
4417
4436
6659
4712
7873
6391
9956
3185
166
7070
3576
8209
7030
1768
251
6994
9429
9532
7028
4981
710
2978
9290
1450
2871
7214
7998
8157
2136
960
3514
1753
347
8564
8434
7054
7058
222
8460
5209
5235
2349
9780
7943
6204
531
1283
7591
454
6520
6538
1368
9335
2097
4978
361
4309
8160
3951
3436
8816
1506
51
2544
6824
4131
8576
12
3334
3865
3340
7220
5970
3170
6496
5833
4726
4268
7181
6667
663
352
9500
8442
2011
9488
8599
5352
6512
2608
9674
7883
567
7326
6284
8493
8388
6812
8946
819
6262
8151
1261
1005
7426
3041
4633
3673
2048
2474
6535
5033
554
1628
5992
1708
5107
8837
1034
6803
8233
4790
5062
9627
4306
6221
5812
1854
5189
6544
913
4613
1695
677
6106
3407
6560
4139
9617
3329
5089
9962
3732
3270
2709
6008
9739
5510
6393
10
2272
1869
5452
4831
8828
6047
5544
5946
7609
968
1362
8193
5936
6860
4739
4781
7469
6823
1536
5574
7268
9644
7822
7934
8045
7814
9378
3903
9331
199
8579
7390
3184
2090
8985
7375
7165
6710
2101
2209
9724
234
3056
3597
3335
4954
5495
6680
4055
1203
9916
3179
2929
9981
2918
9017
6867
2262
5085
9259
6476
3256
639
8322
2627
9857
1153
3472
7589
279
2567
6702
931
3939
9600
8613
5109
2417
4163
754
815
6017
5869
6140
419
3617
6351
5693
9478
2224
6830
3845
7865
8239
9142
4222
9823
3442
3360
7676
8845
7512
7486
3709
9575
2592
7361
8194
9092
2728
1204
6433
5943
1739
6326
3489
5428
9106
7145
3918
4162
1438
1649
4902
2124
9042
1718
9606
4740
3293
4601
6927
9878
1143
3805
4703
7713
687
5879
853
5513
9040
422
2254
3598
8545
820
3883
4545
7270
137
4817
7619
6598
4051
4656
3510
8447
703
9570
9412
3547
1519
1782
7131
6577
9190
3705
8747
8479
4485
5785
7752
1139
3171
4896
5088
537
2216
8285
6317
5595
7775
9811
3963
2912
4181
6074
4634
1414
7562
3996
3288
9022
1189
7128
8630
8885
117
187
2641
8560
6591
5541
2196
3458
2692
3938
4116
3055
8542
9247
1903
5685
4326
5810
4408
6733
9721
3831
2025
5456
7004
4429
4362
6241
8539
394
6986
220
9332
5291
1336
2991
4356
7051
6035
9154
3477
9761
8404
9625
2073
2085
7364
3767
7537
7917
7831
9220
3098
2165
3025
5697
3038
3860
4575
7881
6519
9214
2966
4023
4360
3795
4761
6259
3690
4571
4208
7098
9861
9237
2840
1254
2773
4731
8020
6347
702
6054
1246
5346
3816
8338
6408
3931
4579
1456
381
2478
6982
9618
2775
5878
5459
3301
3027
1784
5524
1237
4788
9203
7862
9631
8232
2650
4672
447
5405
9019
9902
7274
7079
9163
5724
2788
449
2889
1060
3614
5865
1981
5224
4311
2121
104
2041
1681
1662
1910
6154
4240
8306
6993
905
5525
5761
7225
4172
1864
5714
7120
2030
1677
196
612
1330
366
7563
6328
4449
9785
8468
7355
7152
1591
5414
2852
5279
4560
9817
5356
1555
4483
5512
8079
1432
384
6015
8159
3343
8731
8960
1601
3036
9572
8940
9943
3715
8003
5520
11
7104
2190
1114
3708
6142
4769
1377
9467
2695
1202
1516
453
9609
4295
335
2280
6225
2034
1872
8340
5999
1507
8956
5449
299
8509
473
8641
8766
2864
89
8043
2558
7829
4430
3410
9012
4629
5393
9706
2393
7485
9188
4455
441
2141
4239
7781
2096
1823
5710
2897
9637
5148
8752
2074
6841
1714
6231
1501
4242
5562
9628
7429
5237
5444
8496
4159
1445
7950
4461
3371
5213
8465
3745
294
2738
6033
885
8410
7202
683
5120
9024
4795
2142
7261
9934
5090
2498
7257
9770
4363
590
5983
9232
7504
550
3503
8181
1476
2880
8782
3511
5725
4617
3599
3419
3778
4441
6608
5119
3479
4469
6613
3769
8056
3075
565
2405
8583
1053
6398
715
9254
150
145
556
9638
433
3028
3683
6593
4497
4847
127
9847
4287
6628
8234
6199
7399
3958
8988
5321
5229
175
3877
2252
6338
5052
5128
3029
4816
674
7363
6681
9716
2620
5308
1625
1916
6851
5411
4031
5397
1698
2432
7522
5061
5314
7772
2835
8127
4166
7799
8513
3176
6809
1041
8256
7172
5521
9667
3252
631
4046
9569
2651
4733
7834
2100
6861
9479
1229
5260
4768
3843
3838
3414
2884
2154
9928
4811
9648
4185
6421
6127
4476
1255
1129
8296
1971
5554
2583
4893
7031
6002
6547
4370
6452
5171
659
6822
7596
4091
7764
1687
8898
6550
6194
1384
2273
5641
6379
4869
6163
7664
5192
3123
298
2388
6998
3411
8286
3244
8846
8072
7148
7763
6023
8516
3973
5852
6103
7839
3103
3235
4204
7922
658
6952
8841
6595
2743
6898
3787
2745
9910
676
8541
8019
6213
7742
6222
2323
9848
8683
1486
7107
8170
4714
4248
8847
1982
4688
2437
4177
4784
6908
8829
9599
3279
2654
5500
5926
996
2001
5060
2926
5619
8763
2811
8755
729
6615
99
1734
3321
2606
6069
1834
6665
3777
4729
6716
9084
6684
8634
2520
8568
7234
5029
2343
8680
3421
3159
915
1443
7012
6309
5718
6435
7854
317
6797
566
4539
9409
8458
4906
3268
290
7595
3563
3960
2883
4010
2900
6984
2676
5373
907
9573
9563
6143
2694
638
421
4577
1909
4346
7681
8148
721
8123
1218
3086
2362
7697
8077
1756
630
1123
2747
5550
9660
9300
1762
8826
4255
8593
8482
2767
2916
2399
8039
4443
6590
1423
4797
878
3527
6794
4198
9408
9436
4627
7359
5921
695
8265
6950
2742
4818
5281
6330
5957
9808
8736
2135
4521
8835
2515
7630
4674
3309
8679
7646
8712
7307
8481
4722
5976
5953
7979
6185
2784
2819
4614
6053
9836
1517
6488
8640
9917
571
7663
572
236
9729
6063
448
9496
4480
1877
2928
2547
894
2817
7913
6910
408
4741
6111
3818
6990
9433
3404
5599
2369
5197
532
3897
2782
8015
1643
2294
4588
2983
5811
8182
1810
9263
895
1870
1577
1770
2441
2696
49
2192
1508
4871
8297
9124
3729
1693
8685
5755
719
1760
8250
9722
9381
660
9286
2807
7710
1391
1473
1745
5889
681
4049
9948
2408
8204
5972
3050
6162
8574
583
8443
7701
4335
5382
5403
7430
1147
4347
2693
7303
5804
2114
3384
2642
6523
7949
7892
6831
6343
3138
9231
102
4725
3128
2149
3768
1697
4423
5445
2241
7718
8832
518
96
5243
8400
625
1935
528
2233
6551
3428
1579
1329
8195
9697
641
7048
3655
2846
8309
6178
7561
4980
5215
4144
8432
3162
3603
155
269
7784
3740
3786
8604
2364
4894
1222
4134
4937
1535
261
2049
8742
1946
7617
1019
3040
138
264
9790
1974
3704
7614
6148
29
9306
9546
1415
3653
2434
8386
2564
4982
4743
5919
2790
6001
250
1098
6232
300
6931
94
2531
3182
1975
3853
4250
316
8624
4294
6083
3497
1324
5874
3338
5040
7776
2868
4338
3409
40
4084
8963
113
7737
6067
811
5460
8330
2762
3567
7973
6706
5897
5822
3674
4717
9340
7215
8959
9421
8112
9063
9198
6375
798
7855
5649
7465
5873
5901
5939
6783
2287
8259
6168
6124
9525
306
6394
4095
8503
2920
5142
2605
3119
1104
1992
5922
6445
3117
6201
5712
160
2683
272
1388
4505
157
8558
2803
3430
8061
6925
628
5660
5887
1209
577
270
3692
417
1808
5114
2510
8002
2293
8569
7939
8007
6566
2313
7300
7197
9995
191
6052
927
5016
8662
1289
2386
1934
6850
1302
6842
6636
5588
8227
2615
7477
9325
98
8628
5738
1703
2679
3751
3848
367
963
8874
7825
415
5586
2051
1056
1037
5094
5145
3972
5635
601
3077
3734
2660
6549
5988
747
3803
9670
8759
5350
4519
7026
9698
5540
9972
435
487
9200
9228
8573
9403
8879
9260
3919
7243
351
8537
2550
8448
9050
5927
9914
4508
5717
6919
7328
3405
2513
6012
1773
1069
6109
2492
7759
5338
450
1576
5498
9440
3800
3512
5776
5095
9528
9750
107
7598
1327
8057
2017
4457
1335
2485
808
9521
6778
9855
7111
7047
6486
4111
5390
18
5394
5695
8248
1217
7122
5470
7986
2812
8969
7744
4500
2905
9438
6286
8319
2555
4914
1713
4373
6436
8588
5492
183
6872
3433
8536
5298
9784
2267
8990
9076
6818
9663
8577
4327
3993
123
5658
5070
6654
2346
43
8806
6810
153
5469
1170
1363
3149
4543
9533
8719
5259
5835
1162
9029
7994
6234
862
1059
9439
7560
2532
5671
7660
3595
7707
9935
4641
1963
1875
1076
1285
2023
6314
1146
4916
3764
8429
8164
3537
4283
3504
7157
9235
4803
7045
6730
3771
133
7414
3473
1977
1340
4365
1646
4535
9054
1275
2042
2310
7906
389
2069
1315
999
9114
8202
6037
9091
5140
177
8361
7488
22
7397
7761
38
728
2056
5351
3454
3793
2468
6281
1716
7001
3811
2668
6300
4112
1859
810
4312
5932
9590
2385
9741
3096
667
3666
8346
2447
4377
7336
1569
889
9941
2934
8367
6606
2863
1788
2917
2585
2969
7027
1184
6637
9253
3358
2505
8888
2755
6056
7513
5423
6501
1128
4202
4525
7722
6696
2891
1966
8557
946
5669
6795
8765
7345
575
788
5023
8301
4110
2569
1475
6821
5798
1890
28
431
4864
6785
1539
3328
6049
6873
9639
4464
3832
748
3349
5253
1614
1907
1247
6877
6705
65
7096
3776
657
7817
5850
7940
2199
9845
9489
847
749
9988
4002
2137
2297
3250
9936
1094
7698
9661
7600
4452
2222
2389
1381
1305
4553
6784
1390
6123
1813
6322
3485
273
8732
6977
7005
3994
1839
5019
8525
8467
2648
5508
1352
7170
4013
3887
7213
8704
4707
5046
7378
5045
2360
3135
5823
3855
6349
4353
1566
8258
6948
6336
5157
5285
1374
5507
7640
9273
266
5628
1688
3246
578
8618
5153
9574
7086
125
2753
8675
7064
4971
4288
3241
7688
9894
409
79
45
1137
9949
918
9213
5105
2329
1692
3259
707
3499
5211
8022
8619
8103
768
1929
6248
1342
5422
1847
2931
2140
5067
6669
9318
4015
3656
513
637
633
9664
3862
1045
8276
8280
7277
9987
2632
9969
405
1142
8767
6938
2635
3140
2108
8422
280
3718
5880
9554
5288
8746
4770
8751
2557
8886
9315
5057
4383
2182
4071
2948
4206
235
5220
503
2018
5102
6511
3151
9155
8430
8721
4422
2509
1844
8437
7602
3596
6903
3007
2420
1132
2690
6177
1750
2370
7053
6299
8803
5903
933
2012
7311
1840
2312
2848
7769
9795
74
2792
9308
569
4845
1102
6817
8408
3828
8902
5819
4045
5050
9621
1375
6744
1493
6128
736
2278
602
9303
2528
3008
76
5908
6531
9530
7398
2371
2536
3962
8060
2527
5103
5384
462
2005
5987
2603
3240
7259
7379
7221
9026
9221
8785
3347
340
4528
2150
914
6762
7164
8264
2065
9367
3878
9881
9077
2594
4548
6995
5613
2758
3641
8452
2274
4064
2566
7904
5391
3441
2486
2965
802
4286
9375
8303
3019
1570
1951
5968
3687
5910
2600
7717
6272
2711
9744
3629
4122
9693
8417
5077
5386
6974
520
4953
5627
7089
287
2236
3181
8283
5553
3296
7667
3988
9361
9793
4328
9278
3456
8643
6058
3365
6397
9560
4033
805
4792
7801
1852
226
4520
7539
1939
2487
6410
494
9339
1807
276
9680
7362
9411
7528
6614
4609
5802
6380
7797
8986
1016
2524
5548
8326
5708
1092
4102
7995
2276
738
9598
2144
7585
1672
680
6416
6182
2580
3302
6737
9307
5261
9897
1233
2833
8378
7090
9870
5787
1772
1802
6141
9080
3425
1895
2925
4958
4113
2244
3467
859
4221
9108
2235
3839
9566
9380
9312
4928
2446
1635
5863
7217
8135
6787
8523
6717
9682
5487
5326
1889
3675
2821
1308
5621
5081
9268
4898
228
4706
5069
7519
8121
6524
3746
7506
871
144
7673
6776
247
6120
7709
1086
6207
2957
9757
3457
2540
3631
7686
6218
490
9074
5666
1295
6352
2301
4254
6253
6564
4922
576
5555
8657
3144
8274
3842
3331
6884
5729
6159
7849
6546
8566
6117
8307
4136
1386
5610
8483
5424
9158
6582
4214
8951
5376
5654
2962
8490
7916
2687
9120
3974
9867
1722
9209
496
7921
1590
7144
8921
3094
621
7283
8534
9181
7035
8237
5515
6881
6703
4233
3219
2548
3198
2207
2680
1343
7095
3367
9320
2677
6191
4304
9197
2029
9970
5365
9481
5076
2645
8620
5278
6385
5801
6525
7408
6596
9666
1526
1103
3892
5646
1334
7097
223
3005
3074
5146
916
1816
6212
9064
6361
1179
7933
7556
3057
7271
3351
505
4813
7287
9991
4927
4203
4877
6313
9406
6856
1067
5030
6479
5916
8263
9989
1307
7155
8126
9004
7937
9310
3416
3977
3465
5066
4657
7357
6918
3585
4789
9866
4213
1049
2938
7286
5829
1571
469
3955
6886
4572
8799
2908
8320
7833
27
3966
3069
1673
5101
2809
595
5891
7891
3677
5796
4763
1720
3568
6470
7524
238
1207
2739
8485
624
4664
924
1448
7022
3652
1500
1002
6165
9504
9940
4967
2013
5078
2028
772
7482
7708
7013
8214
1496
3163
3307
2427
1064
9434
8236
4598
4624
4333
2167
425
849
4696
5677
6896
5844
9354
4068
2911
9501
2951
7476
826
271
6879
5842
3813
1284
9386
2930
2873
8705
1216
9905
9738
8298
5505
4945
6198
796
2521
4282
343
4021
2033
2761
8406
3560
8730
7567
1727
9130
2666
1095
3480
4114
534
8864
8585
1082
6271
8243
3959
9781
6316
6170
7720
2780
4472
6573
6247
5377
7246
9654
8341
2769
6491
9745
7416
5514
4399
202
4824
7823
3072
6407
9622
1244
6011
3580
9498
9055
9370
5222
5364
9066
2859
4794
3644
6999
5324
459
6355
7185
4835
5416
1304
2187
836
9282
7158
9517
574
5012
4187
8093
3174
1444
5002
5086
7909
8291
4193
6369
9389
8850
7525
9245
3551
8783
5773
887
4082
6602
3847
4880
8268
6691
3313
2332
6755
1323
149
3355
204
7458
4053
9450
2896
5854
8131
2467
6934
1341
3626
2665
9986
584
5726
6223
8701
7845
3808
2436
610
2933
2504
7235
9431
5543
9812
6308
218
9503
7374
6648
1865
170
9168
4853
5721
6473
5834
8617
2630
9009
8085
9737
7011
2281
3735
4760
6371
2344
1706
7310
7171
2379
206
8686
5084
5065
6102
668
6570
6388
3556
2818
1675
8293
7008
7192
9952
1194
1602
4832
758
7644
2890
5466
3663
3399
8005
4586
309
6249
3271
6164
1533
3671
7009
4973
2271
1353
6735
8633
7129
2516
9183
1783
5432
9224
822
6443
2227
5503
3856
7029
5210
3114
5141
479
7967
3016
6541
9788
7895
5982
8546
1175
1148
2299
4665
3269
8139
85
7517
7042
8965
7146
4211
760
4842
7021
207
4456
3107
5687
3584
4863
5362
1267
5421
3130
779
8748
4307
44
7511
1543
6652
9685
5380
8245
5404
5138
1359
1121
7914
5457
605
8699
1221
7593
9921
8196
182
2054
1647
9723
201
7703
4924
5304
2517
5620
8992
4828
8305
6540
2112
5741
6427
8754
4762
3929
6858
6915
2975
9610
1077
7333
8312
6533
713
464
5594
5749
8692
7219
6904
1165
457
5659
9059
4259
2026
7410
3726
111
4130
4578
7468
2300
3810
8017
6585
3699
3261
2604
3369
5675
6167
7935
9036
8327
1282
9636
4199
165
13
6631
3446
9632
700
3590
495
9341
7668
3871
2229
937
2719
7824
7317
8024
9143
1446
6996
2123
9167
2253
6362
1171
2802
9133
2330
1488
8601
4183
4035
5617
1874
1279
5975
5762
6700
7605
5275
375
4460
5187
9329
6139
3660
6906
4963
2950
8499
475
2477
6616
3646
8010
8629
2530
1397
1356
5131
1669
9156
2061
2752
8555
923
3742
6477
8903
8158
1658
9645
7236
4275
5518
1367
4930
5031
8743
8996
6521
4107
5686
2361
7610
7592
9906
7109
5395
4257
4388
9486
4092
6055
8891
5129
5290
3753
2083
5886
6332
2143
1223
6487
1031
9876
9985
804
3983
1227
7335
2708
3258
9973
87
8838
7928
6401
841
8666
9794
6276
2720
186
4524
2730
6704
8527
4885
7143
3234
6258
5378
7566
5110
8661
1136
9327
7992
136
322
423
1742
174
5535
7118
4237
8920
2395
4765
2804
6813
7425
9299
9821
6661
4750
311
1735
8810
6671
8433
7890
3610
3984
7874
1584
9514
7276
2037
9400
1050
4028
7072
5431
1738
5265
3202
1581
8999
7603
2710
947
3837
2197
2984
9175
6481
4860
6587
5866
3108
6899
517
3536
6736
8702
1411
6050
3582
3146
1878
1551
7885
1117
6414
3368
1515
9187
9892
9166
5644
6673
9507
5342
2381
7495
3814
6599
886
890
4022
5357
5624
5838
6826
8284
775
3569
823
2723
5840
4142
5571
8824
6193
1550
3859
4236
3738
9151
2115
3452
7878
1660
7853
8944
2251
3476
3245
1863
2855
8968
5704
9317
7648
9886
4899
6354
6780
16
2463
4341
9955
2770
6926
9089
8037
4697
3898
5241
5826
8125
8784
4103
8549
3682
1504
5372
4223
9824
9882
9492
1719
6843
7576
4261
5160
9443
7629
2980
1532
6645
6196
6282
1018
8820
4843
1856
54
4411
7245
2765
2316
8553
360
934
6346
8823
2015
2589
4149
6609
1655
6100
9136
1441
3719
5147
2858
7952
4676
8266
6911
47
4293
2203
7745
3141
262
2718
9819
424
5530
6318
5242
7683
5124
6699
7773
9038
3702
9754
9512
9241
5280
616
5323
8865
5668
4919
7828
8486
650
5864
9211
6026
2994
7341
1651
1044
9027
9070
549
8279
3821
6475
1682
8821
477
3849
9853
5585
5611
4646
9930
4354
860
813
4730
1538
3736
3869
1061
8855
8981
8368
7756
8120
9373
9347
8595
3292
4576
9953
7344
866
5964
938
4991
6181
4992
9979
5692
267
2425
5580
3280
3196
9457
6264
2014
1961
2139
3755
2636
5933
597
3218
5705
5333
4006
850
9880
7789
2722
1970
9396
4709
4663
1127
6403
1632
9110
6782
1058
4477
3487
258
3914
1828
2691
3711
6890
6076
2145
1580
7702
4859
3607
402
4581
9148
5763
5709
8267
7982
1046
3090
7564
3532
9192
6612
3408
7117
6065
6814
3214
9149
1177
9629
6627
184
6295
9830
171
8478
6152
6432
6044
930
1181
274
2596
4129
2482
864
4517
4782
1965
7704
8773
5807
7292
7920
1242
1924
3899
6415
5154
778
6029
7494
3
2461
8817
8216
3757
1604
4486
1106
50
2533
3396
7209
4409
7369
4666
5564
486
3283
8952
6270
7033
4278
2218
6133
4101
4108
9601
2968
3000
4651
5117
2643
2289
2736
762
6556
6171
9652
8377
3588
2387
4977
8420
622
9701
3033
5368
626
7293
4285
6413
8440
8856
8789
9212
5633
3471
1897
5374
7091
4438
8352
8760
4934
9611
6208
9932
8188
7200
1185
776
8911
8001
3233
211
1033
9199
3009
5483
629
9139
5645
1831
4607
9718
1786
6186
5917
203
2538
541
4518
4711
4426
9668
4597
6693
7654
8632
5049
8658
3316
5877
9125
5317
6340
5912
2325
1452
7930
2169
8795
1135
4446
8497
4767
9272
2754
5626
6423
7392
9844
3526
1492
9529
7518
2681
72
5051
9901
452
4849
3150
7837
4145
8379
6075
951
1627
9730
7168
6093
4732
3619
6021
4076
9538
1052
555
8603
3377
9008
5647
2838
9556
5789
9605
1433
7150
444
7014
4481
8648
9460
1043
4140
4955
1467
5276
6060
5502
244
6555
3874
8078
5208
873
8200
1199
4009
75
9662
1920
393
9545
1120
4376
188
240
7119
6446
1701
4319
7239
6642
4574
4336
1163
6274
9313
2704
9983
5332
1641
461
7406
1901
323
9281
492
5367
2226
4604
1015
8169
9005
5282
3049
6175
1704
2411
9505
5328
5805
369
3894
4160
1684
7320
9217
5018
5024
1867
1790
2103
3348
3104
391
3658
1101
7531
3044
835
1573
8958
53
7178
3187
763
8890
9002
8512
3291
6032
5312
5337
3434
3417
2129
2082
6462
2109
5455
6335
7082
1215
2071
8622
7136
8133
2456
3835
632
2179
8706
8900
2572
5539
3488
4078
3400
4585
6493
4322
6583
1007
6039
7057
693
3227
9189
3549
959
3577
327
4037
4018
4466
7783
7521
9447
4708
7999
5734
7255
5206
7228
7423
6846
1040
5771
3448
7491
3694
6575
2625
24
9937
6269
1372
2941
6664
9014
1685
1271
6090
3327
7024
1767
5212
4210
1434
7068
5969
1622
5238
8191
3623
5895
941
8111
9553
9582
2440
1468
8950
5371
5797
6718
2545
6360
901
411
5399
6095
579
4970
8814
8727
7738
7861
1399
3889
143
3341
7944
9362
8556
8178
9442
1781
2285
7182
8917
6626
376
1096
497
8373
7729
8794
4279
5398
9043
4533
229
4374
1306
3439
7077
3106
4622
8520
8065
8300
7515
2228
6425
414
9635
3262
7728
6863
1752
2597
2731
3990
3290
8175
190
6483
3345
4866
9470
9704
6195
4892
5778
1376
3564
6108
9896
2435
526
8631
1921
390
821
7753
5149
3352
5413
9733
2552
5472
1763
388
5426
6989
4595
3679
5952
7860
7322
9298
4850
1933
7932
3589
8851
8812
1894
3058
5698
9025
5837
9826
5994
1113
73
7884
5973
8058
7062
9889
9544
467
8375
5425
7264
4262
7621
8880
2210
5894
1213
8328
6798
1047
4886
7006
4959
4300
5892
4296
2915
9210
797
371
6578
3601
6605
9184
2997
6571
3572
83
5680
5221
2497
8247
6801
5130
589
2212
7134
9028
8506
1286
6732
3716
5375
1592
773
5684
3120
9206
2675
8843
8105
257
5546
2153
1074
4874
8572
7405
1930
8201
1299
4349
2006
699
3275
8348
3907
9711
3664
3356
5783
1430
7241
9562
787
7806
5203
3573
9980
1678
9992
8667
7497
1482
5727
9305
3447
2674
9049
180
8530
8076
8869
2019
9732
6832
3873
8241
898
3747
1470
4251
9547
1288
3354
1503
7161
2514
5330
6968
4386
1469
6923
7149
9006
8715
1514
9835
2707
2865
2503
4152
2060
3710
4882
1369
2036
3451
4281
5786
5772
759
7334
8427
3344
8627
9868
3137
1398
8997
6105
8735
2027
2373
2035
1949
9883
1712
8521
9248
8366
2470
9982
3508
6518
3059
6499
5248
4933
834
2586
9702
9326
8257
7463
3099
5871
9650
1072
2658
9454
8035
5657
3985
8962
3905
6646
1527
3455
8049
8059
6620
3298
1778
7462
3122
5578
6066
4793
9588
6260
5694
4557
9205
1240
1546
2877
1613
7808
8453
4962
5479
3127
4599
4137
888
4567
655
8382
6138
4757
6040
5419
669
5427
6767
7394
2735
8526
4421
9242
2208
4821
1455
6807
3249
5173
245
6088
4191
3303
3192
573
1111
6629
3015
6372
7188
7968
9284
1263
9954
3011
654
6819
2117
3386
4050
9397
2170
9833
5301
4074
277
785
5781
1978
5436
7790
7651
9510
7391
6522
580
8581
19
8769
3807
7706
2261
1219
6833
8489
780
8435
1957
3583
5044
8889
2134
3392
619
1709
5366
7780
5196
6339
7487
2988
7894
6405
1606
9534
8696
7727
7450
3509
7590
455
9045
9854
5200
6461
9908
3621
1459
6752
1265
4014
2573
3207
1609
398
6580
7990
2653
5893
9105
8262
3901
3941
7632
7751
3827
3758
1944
5418
6255
2971
2215
5249
9358
52
7956
4507
3336
2003
1572
1405
8908
2286
7383
701
7393
7227
9587
5180
8971
2059
7314
3030
1024
6853
6030
7796
9090
6742
3790
6746
418
7060
268
4746
6956
1694
194
8575
2914
6572
9428
652
7066
7777
368
1239
6215
4478
1892
428
2180
8476
6122
3881
9960
5696
1325
6214
1010
3804
7377
5383
9256
4445
4428
7298
1427
7634
635
8213
881
9681
4073
9452
3825
2828
5008
6216
6532
512
2302
1245
1088
1108
3506
1639
4619
4704
5158
7700
6961
689
7798
9384
5392
2893
1583
1737
5731
5032
6374
5719
2220
5406
6739
4972
3896
1023
6217
8390
2937
3225
9244
5809
4192
502
1028
3921
4692
1553
4698
5608
2942
3215
55
615
4988
3375
8251
9677
4329
4522
2225
9195
5137
6022
232
4736
1291
908
4538
2072
3193
4182
7338
5484
2688
3380
8978
8673
9571
3073
110
8066
1836
7356
9407
6975
7415
581
7549
233
4043
945
8140
5986
7966
9491
4499
3325
1700
5059
6036
2269
1985
6087
6847
6972
8973
3909
4632
8508
3461
5746
9169
5080
7193
281
5204
9111
7244
3168
4616
9899
5678
6092
5020
8756
8071
1776
2909
2377
5735
9658
8739
185
3468
542
5486
2368
9137
4032
1021
524
9057
9816
9615
1436
4777
4433
8208
9603
6469
3186
132
1730
1779
2433
9215
1211
1785
8337
1272
3724
4801
8225
5861
8724
489
9001
1668
1661
4700
9234
2866
17
824
4652
4773
3326
365
8602
7980
2953
8073
2910
3916
5493
540
2816
7253
2623
2879
1525
146
1885
7321
7816
3908
4504
4948
8929
7081
8652
5803
837
7925
3080
3164
485
5547
8129
3648
6203
3420
4194
2118
8149
604
103
4878
4836
3971
921
9513
750
4648
9577
8446
1425
1364
5194
4094
181
7819
6261
6396
296
1835
1670
9113
2624
2442
9145
2551
2126
1848
2168
2543
3774
2464
6686
243
62
6839
2703
5676
434
5205
2829
4569
3017
7346
6381
4462
6554
9834
4837
5303
5576
3418
5831
2290
481
7141
3295
8423
1942
396
5689
3609
2571
716
2095
4412
8711
9612
8089
2885
9862
1466
7557
691
6604
4212
6751
2047
7431
998
6576
6992
2768
3824
1866
2995
6238
7896
1705
5764
9336
252
1309
7347
9219
4690
4758
6981
1505
2927
4562
752
403
7367
5074
2305
3659
1226
4939
9099
6091
647
3515
6929
3826
8791
1838
8119
7316
734
6510
6079
7749
6869
3064
4118
1812
4099
6378
6895
8777
7387
7043
1509
3970
4418
8550
6096
4771
4086
4424
1454
6157
1886
3222
8729
9218
9993
5934
5313
3412
5605
3965
2246
9619
3145
717
9509
4080
2245
3212
1331
1950
291
8384
1345
2716
8190
9134
2602
9295
9888
1231
9249
373
8741
6592
5082
3937
678
3052
664
6237
613
7473
7147
6672
339
3053
370
9526
3093
9789
2347
8897
7647
7551
8063
58
5306
1667
9499
4292
8075
9316
928
7112
5682
2
4314
2766
6937
3133
5713
7965
9262
8792
2634
5263
5446
5900
8228
1524
3001
5911
7583
4495
1732
313
3339
8255
5190
726
8288
4458
1149
410
4999
4488
8957
1914
7434
9825
4317
6291
9640
7682
5899
7421
587
1857
8235
9540
9193
5634
8863
9475
620
3002
1758
8391
7176
2479
723
4658
7501
7444
5026
3220
912
1396
2357
1648
2176
9292
7289
5341
4865
1125
2713
3535
2296
5609
3224
7368
1057
100
3788
8347
3023
6357
1389
1404
9294
7295
9626
6126
1195
2066
3229
8230
2781
5092
63
407
794
5858
4989
5699
7659
1999
8365
3260
3379
4230
6534
2110
7637
9372
708
1062
3357
4146
5004
4034
3625
1495
9052
1156
2119
6348
2813
3470
1520
5591
278
8308
6548
4903
7639
2501
6367
4826
3401
2621
8358
6811
4881
9841
9342
5753
5875
5853
1355
4512
7388
2939
5247
6892
420
9162
354
4544
7675
1937
8524
5480
5369
3822
7601
8709
7254
9967
7733
1821
4618
8008
9728
8033
7929
8082
3486
5683
1268
1680
799
9614
1141
6561
4227
1793
4
9100
6764
1850
6438
3385
5573
9519
4944
8750
596
8682
8470
3669
7025
3494
3830
5292
8192
9444
8026
1562
8809
4659
2977
3274
9786
3861
8016
1980
7711
14
2318
9123
5750
1597
2715
4407
6980
1741
336
301
9297
9487
3900
169
345
5963
4258
7571
9939
8124
2151
7899
6870
7757
1925
9846
4798
1054
8397
7880
7918
4942
6506
7046
3126
321
5575
5440
4390
4637
6586
9003
6724
9357
4465
6005
1365
5977
2776
9446
8354
6454
3684
9293
2664
2638
1588
875
7807
7438
852
9968
9420
1159
7969
2526
7000
2181
8495
8873
2794
5198
2534
349
964
2352
2111
3134
2107
4226
4673
867
6887
7329
3780
4238
7520
7273
7802
9393
727
3752
591
5558
8877
5236
6647
8836
4957
1899
6871
8091
1116
432
2306
2491
6563
7409
7475
6689
803
9694
1027
1312
4077
8594
4396
6865
5978
8681
661
9349
6121
4615
2862
9257
3606
2772
4536
8904
2808
9097
5820
4687
7830
1955
1318
2341
1819
9904
5329
3304
7743
1281
7587
4901
7803
9430
5691
4693
3021
2593
353
9435
1729
7402
2944
7183
7810
3255
3267
3979
543
48
6267
2875
8416
2092
5616
9887
6962
6829
4371
7672
5234
6043
1065
9976
8336
1292
8351
2063
5577
7101
8561
9679
1311
474
1250
900
5143
4188
8203
5098
7902
2412
1575
5888
2751
385
5005
1751
9725
2845
1138
7572
4123
7856
1232
2763
2172
5319
1051
9140
7848
6287
6495
9696
4890
9461
2195
6045
6712
9388
2402
7975
4352
9752
3175
4551
4720
696
1940
4779
2384
6110
1140
2079
8083
7615
9463
7579
1350
478
560
6302
2239
2406
2523
617
6796
1296
1595
5638
1169
3545
1014
9735
1556
7919
5990
3311
9093
8260
910
1918
7842
416
4502
7105
7376
4625
9355
6135
6868
8589
9535
7169
4153
7936
2219
9753
6793
7248
9672
6456
112
7052
653
2740
9171
6891
4024
8444
1800
8012
725
5347
564
5655
665
23
5937
1659
525
90
4879
1471
8472
3574
4205
3696
3930
7543
8796
504
6064
5127
6991
4626
1715
2291
8334
4940
2633
4994
9710
9764
1626
9856
4096
2270
8907
6359
4918
7658
954
7774
5441
5679
6169
6660
6072
6013
4444
7623
4594
8154
8207
7960
801
3792
5662
8723
6240
8665
5267
7050
342
3492
3954
3762
3879
8876
4920
5779
7653
5448
8511
5453
7407
3111
4167
8737
9309
3642
6324
2777
6516
3946
1996
7084
4273
5438
3154
9346
4737
7296
8206
9437
6694
8074
9328
9541
8047
7428
5672
1711
7762
8271
9037
5021
9748
9138
7584
7441
6243
4197
1725
5754
8325
3728
7755
4964
2104
953
4862
8519
3006
899
2040
8502
582
9742
3389
5568
5165
2223
64
9016
6763
8967
8471
9717
6553
9714
6042
5980
949
4907
9649
9815
8896
5159
9966
5481
8932
1481
3459
5570
4804
8977
6655
6905
7716
8637
115
1679
7559
3226
6709
3989
122
7835
9858
6569
891
6463
4888
8656
5929
7037
7867
5407
5000
8716
614
7386
6933
1809
530
8413
1032
9743
6939
6562
6713
956
4705
4475
2986
5174
4405
9160
3932
4403
8507
5855
7403
282
8605
3986
9620
1881
9208
6010
1442
9873
4305
8431
5475
9102
4105
8152
9957
6329
8839
5614
1891
3180
3481
2466
1832
9104
6046
6184
4120
8100
5325
7911
3731
8370
3289
5765
983
5349
4621
3713
1558
9161
3893
8421
6668
6840
2242
493
2081
876
7864
3911
4380
7746
283
6748
1418
4135
6790
293
5106
4527
9813
6265
4846
7679
9374
1600
3840
466
9798
3402
6781
6987
2133
5909
6377
8343
9579
105
4780
374
9423
7324
1568
5354
3882
9060
9929
4995
7017
911
2453
8930
8654
1666
6750
9727
4008
1721
8153
4550
5600
4667
985
8953
4157
6567
1927
7281
1300
2750
2726
3498
8295
3640
6774
216
2793
5217
627
9088
8380
3528
6370
3902
4493
2511
8069
380
225
9465
4498
1607
8425
362
7863
1287
5178
230
6509
2132
8081
5872
3362
1830
9330
6137
1413
3680
9013
1952
6957
5100
7599
337
6293
5881
9153
8587
1780
7229
8428
7608
9058
8947
6917
25
5529
5199
2475
7578
2579
5777
1201
1733
6542
7280
3693
9740
7758
6676
7177
1316
9015
2727
4724
1392
6151
2259
5930
8780
6894
8884
3231
5039
3444
5825
3809
9838
6236
6179
3022
1110
9705
1513
1964
2250
4503
7739
6406
413
5815
3372
6252
395
2438
8787
3034
6914
4573
6552
6772
8698
6283
2783
9769
8562
1458
3637
4252
4631
3779
4176
5642
5637
4745
3453
8156
2328
2601
5257
6597
3784
3750
9240
9792
4490
2570
2086
5509
9086
4303
1009
5821
7443
7795
9065
3121
4905
4686
6099
3383
9164
4734
151
7173
1346
7142
4561
4820
1361
529
1656
7731
6455
1820
4072
3797
4065
1042
8871
7226
7869
4744
4735
6146
7358
6027
8344
9322
2712
5297
8501
5164
8749
3581
2067
1180
2955
9502
3661
8350
5784
4494
6250
4807
4220
545
9613
4420
4395
4854
3522
4150
6490
9923
9760
2973
482
8180
7657
1498
8146
9466
1755
6386
5091
2264
1449
7313
4026
8411
5604
1339
9884
843
4088
3570
1196
2194
9536
2275
2979
6765
2791
6280
5133
189
9978
1122
8013
7985
4069
2058
6788
2444
7846
6988
9485
5287
2684
9047
7866
2214
9996
8048
8522
4783
5766
742
8242
3337
9194
2303
8710
8240
9261
9422
9011
4679
9561
5958
5606
2836
7162
3639
2007
1510
3785
7380
7044
86
9081
4389
5491
7167
7063
3203
7056
5715
9179
9246
303
1833
8582
6958
3116
221
7991
6900
5309
6924
4267
2831
8374
3277
832
7569
246
3975
3370
8779
7526
2091
5601
2949
6959
6158
1022
5758
6389
1880
929
6115
9523
3068
9975
4224
7490
7732
8332
7696
4378
8901
8333
2404
9683
8246
3578
4342
6081
6711
6965
5216
3880
7065
5506
8189
6437
7010
2322
2576
3350
8893
6791
8500
4532
1348
8356
7067
6424
5214
5904
818
5996
510
1531
4439
3701
8098
3815
1447
2607
9279
2445
4602
9933
672
3691
2998
7541
379
2372
4926
310
3773
8070
5047
8691
9859
2682
1858
6304
5737
3649
8934
4812
8215
7337
666
7523
9581
8995
1913
5136
6118
8615
920
5132
6301
7628
3333
9103
6708
7692
2106
212
363
7988
6497
7792
7725
7484
3703
7840
4447
3517
197
8868
6651
8186
4723
4583
9472
1380
761
9425
4808
4012
3464
1075
8808
7074
3770
1988
8819
8218
2549
3550
7546
6632
4620
4642
4825
8044
4165
1422
684
4872
8222
1941
2798
6390
8906
6624
9265
8249
8064
4410
1451
7373
5144
6458
1071
4047
1547
7760
9802
3435
2397
7535
3884
4759
3282
6028
2609
9033
9376
295
3636
2898
248
4661
129
2737
2010
1797
8669
6568
962
3217
2443
2340
4841
3707
348
1683
9961
315
6277
9296
5857
5563
320
507
892
4564
3374
8695
498
8456
6441
9778
7412
4127
1410
1638
7633
3243
8025
1026
1326
5156
1155
8660
9895
7198
9592
8980
6104
5340
7680
2506
4985
148
8964
8762
5387
6610
559
4141
9116
8538
6018
7779
8825
1313
8270
8261
5396
7948
6666
6034
8915
6756
1945
7306
1976
8830
2618
8212
3628
1258
2725
1320
1408
8975
6985
9030
5286
2985
2295
8396
1652
7055
5239
1252
6132
9350
4568
7224
8109
3630
4229
7997
6062
7018
7545
1541
7353
1382
8231
8187
8174
5565
2839
7748
6298
7616
5176
3554
3772
3733
6395
1262
6235
5759
3926
147
7489
8924
1234
2759
6916
7163
6947
5277
8941
5195
5251
3891
6720
2201
231
9119
8115
3238
3912
8392
9759
5941
7945
786
3720
3651
2721
7650
6719
3426
8998
8733
9676
7233
109
4180
5868
2183
1012
1619
9044
4186
4908
6189
6674
8062
7106
224
3945
6946
5615
8096
32
3206
5670
1460
4315
6041
7087
9238
8469
9351
3308
1230
7180
1497
5836
1995
5640
9977
4126
7007
5348
4764
5269
1599
1370
1724
1943
7689
2870
4983
9152
9924
4005
6885
4057
1029
1402
1922
2588
2842
6682
383
8636
8788
438
2157
6500
1409
9783
7897
8269
3346
5780
1198
5079
2088
356
9909
1853
68
7624
3257
656
6745
2850
1385
2764
78
3278
6229
6147
5511
1485
1645
1691
4913
6539
4984
6945
9726
8094
9115
1900
9712
4434
8910
1665
3618
8004
9068
9891
2155
5179
5034
4653
6930
8130
263
1099
4699
3936
4755
5358
5742
4334
3319
7139
4425
6820
4066
4265
1474
706
6478
8304
5528
973
4269
5556
1621
5271
814
8205
8067
9542
7210
3633
5389
6921
8463
1011
7384
1118
6453
5410
7719
5228
1876
6245
3844
213
8532
7422
9840
4337
7211
3782
1912
5956
7915
7987
7016
7508
9818
2652
2489
8466
1087
8905
548
6728
7184
5898
6687
2334
2906
4587
7075
7437
2283
3604
5882
3294
5603
8289
4806
5185
5083
7962
6749
6922
2068
3285
4516
979
6444
7457
7174
6325
2004
1420
6800
7888
3424
8528
2416
9999
344
7568
3332
1070
5408
3194
2778
8718
6071
3460
8145
9483
8815
6422
2400
5166
8935
643
8854
9994
7963
4427
3297
5622
3948
3886
1610
3956
9455
9415
9946
4463
7278
4195
9427
3927
1958
9129
6209
2590
6266
3969
2193
284
9765
6113
3791
3026
3743
5388
7417
3867
6621
2173
2024
8892
9558
2733
2008
128
6315
1379
8678
2841
2834
6670
6082
6771
7258
6161
6976
9321
5027
2335
7175
3950
6086
9356
6607
2282
2424
7942
1205
9675
9715
7941
4515
8861
9416
2537
1429
9271
1264
8927
7516
8179
2888
6107
8771
4431
5526
9229
1407
7984
3915
1066
5112
3230
972
1
4839
3063
546
644
6480
9453
6727
5219
1829
2401
2258
6383
5582
3766
7793
9482
7059
6725
8883
745
8987
5920
1395
6874
4011
3524
8418
2830
7015
9178
6430
4100
3942
9399
4044
4848
1160
314
8616
9516
5435
1173
4695
9898
2122
7695
7078
9418
378
3647
239
827
6145
563
5490
3085
6969
4830
3310
7309
2494
611
168
7649
4952
6094
304
2159
6392
41
2989
7641
718
4639
4855
1887
5551
7666
5353
1803
8462
9464
33
2186
5790
3910
8294
9230
9707
4291
2374
9141
326
2714
5230
8848
319
1611
2488
7989
8529
7153
7132
2439
6678
15
8087
4260
2382
8090
1157
7151
4437
4838
2913
1871
6305
4786
6854
3722
9127
5536
9474
3136
8531
5296
8134
5115
3066
1530
2963
7815
5014
195
3076
7480
2204
9594
3079
9159
6447
9782
7805
746
9616
9543
4751
8006
468
4819
5690
7791
4623
3024
5583
5075
8277
1079
329
3749
5331
812
2062
7400
3999
4923
2429
7908
3812
8651
3082
3864
7156
7269
5429
2320
7532
4787
1956
9931
9920
8514
6792
1603
6227
7536
2450
8254
5740
1545
9944
9703
5343
1269
4109
7670
6101
9078
670
7850
3500
5344
1085
6940
6068
5732
8635
976
6350
1437
5862
6514
8798
3957
7844
6775
7826
9484
1650
4414
3992
5433
3502
5467
6743
4241
6031
551
6828
8445
31
3172
9182
8831
608
816
3548
4173
7754
1188
9173
8030
9974
2598
7445
1804
8674
2055
2992
2249
9688
6211
5202
8011
8363
7282
7611
5274
2161
4020
995
3748
2304
8053
1817
4650
2080
5913
3953
6003
874
5293
9072
1319
131
9468
1989
2729
3125
6827
3388
7448
6077
2263
1969
3685
618
8559
81
7565
6901
733
5255
1798
848
7747
8357
1578
39
6953
9776
6080
2472
4785
3507
6431
942
4809
7627
6893
401
7947
1997
84
4128
5048
6365
3101
7499
1618
6508
8273
6344
2559
9565
7290
6928
3432
8717
6844
7570
9031
1623
4554
4961
1990
8253
9095
3381
7038
9132
8226
6323
8807
8220
3712
8244
5592
3018
5860
9864
3688
9820
7301
3342
4138
6297
557
3132
6759
6016
6897
3147
856
8931
8487
5816
855
5674
2629
9377
6000
2471
1845
3209
1917
2277
8860
9947
3667
4645
7500
7349
8426
7955
7684
3968
254
906
3317
7993
6701
6129
1182
1130
692
3943
1523
3440
6382
4158
8052
5653
5589
71
1078
6769
4042
6766
2102
1544
5363
3139
9451
606
3895
5225
1637
5122
2970
4039
6635
8697
3529
9863
9869
838
7339
8623
7665
8318
7978
3608
3281
3806
7931
9289
2749
1596
6384
4030
7312
3210
1837
7555
2640
9586
2146
8403
5775
4106
1529
9634
8414
4889
1699
5688
9083
8449
8887
2678
9879
697
5167
5788
5482
4442
2657
7787
1987
9699
2631
2230
7464
782
5998
1792
4947
7305
209
9343
2391
740
5172
6758
3686
6768
1260
9708
2418
756
511
2131
5058
771
3553
4063
2383
46
9302
9903
1764
7800
6808
8345
3781
5774
2113
8584
3534
7771
3542
6089
1491
4450
9779
4190
6119
8912
2398
1521
6492
69
4299
4868
1657
8822
9146
5336
57
9392
488
3819
1347
8954
7436
1089
8655
7974
4473
9964
3546
978
9959
6173
3518
970
9653
3422
2844
9576
8842
5473
1025
793
4196
6156
6197
3561
7456
9337
5170
3047
193
9202
4776
6740
935
1936
2990
3586
4938
7838
7811
5757
9426
5181
3725
2394
3978
4323
6633
7187
2667
172
4454
4392
2587
5931
331
1276
5559
2500
6429
2460
9749
1131
5152
8028
9035
4628
5015
3519
4413
7927
7954
1728
429
682
2094
259
255
5636
9950
1766
8436
8029
3031
1686
9324
2647
7827
8694
6617
8517
4691
1008
5793
7263
9270
6230
9608
7250
2964
5139
9128
7876
9827
7461
4453
5294
5827
97
9938
4232
8677
2685
2744
6658
5572
2946
1080
6663
5462
1731
141
2919
7502
4974
6038
3183
7636
3940
6341
2945
3043
5420
9684
215
3857
8800
8895
9301
2799
2518
8054
4148
8108
3004
3315
4728
7606
4563
2247
7466
5949
4209
2043
7449
8554
2345
5430
2465
3376
7900
5533
943
9584
5022
7505
5924
1004
5914
8498
3566
8136
6366
694
4680
3195
5522
2936
4079
845
7847
2238
9334
5
6825
9831
2221
6773
8515
8610
2857
4321
9998
1979
1707
1107
8867
3602
5201
4513
1633
732
1676
9222
8176
2535
7530
80
9085
3039
9506
3071
7996
4151
35
8991
7325
7574
2279
8369
3717
7266
5876
538
9287
7470
7882
2317
4929
7910
7972
8143
9053
817
1560
4104
1278
4489
8708
5625
5093
3920
3964
8676
6149
8768
9997
1068
308
9842
8424
7765
2662
8638
3657
6166
4093
4471
333
9363
1091
774
8775
285
3538
8491
6932
2257
9041
8567
4949
982
1636
809
5845
3118
3850
9398
5915
1842
2659
7230
2701
4366
9493
4415
5334
7871
1303
4910
2639
1822
6878
9495
1849
5494
2806
8547
8949
5832
1827
3802
5799
286
7114
3155
6722
6239
3627
4534
2561
5056
7203
3010
3060
1393
7218
176
1090
8563
5182
6683
5118
4404
8104
2882
9223
37
8084
2458
1991
2825
1463
4915
7
6875
7597
5769
2413
6426
1073
2419
8578
4670
1674
5516
539
5359
6723
3833
599
3495
8402
208
4496
7262
6176
6960
5041
3852
9839
2705
8725
5523
9283
4511
8649
2851
8713
8142
192
2392
6116
8804
88
2158
6331
9476
1030
3868
5702
770
1109
5720
903
8961
1314
6527
9079
547
6450
4552
5971
6006
9277
3253
9345
6310
6172
4685
2178
7020
7836
7207
932
119
9131
2366
4630
8454
7133
3190
1013
966
3051
5744
3555
6070
42
5125
56
939
7812
3987
9851
3934
4178
5962
4143
5728
9843
8046
8781
3714
2578
5648
6834
5104
4501
8612
9441
9551
4718
9333
6449
7901
5839
4385
6920
3431
3266
2560
4393
6292
9419
3014
4397
2843
2826
8639
5938
480
8703
8122
4827
1297
1749
5097
7451
2160
9849
7208
7492
476
709
1440
2457
4702
8540
9945
1664
2057
3876
9963
9165
8597
4858
8299
8693
755
3318
4909
436
9756
4870
3178
5590
8504
6513
6376
8858
8764
1150
6964
2673
7938
9829
6859
3115
6558
7352
2822
4058
9062
5135
5792
4264
4829
9304
2476
9646
4570
896
7705
1172
6311
4345
831
6409
521
6721
2815
8252
1744
297
3228
6997
2077
4715
4200
6275
6190
2637
6464
5830
7770
1290
3922
1634
3967
9117
4852
3189
3760
5400
7299
6971
4897
312
134
2367
3587
7351
4608
7870
6285
8114
7452
5402
430
9772
5800
8614
2732
6963
7889
3061
3924
8664
1419
7923
5756
5843
3820
844
4643
7618
4090
7360
6504
7534
2655
1333
1151
4298
4272
705
4592
4056
8925
5954
4468
4727
4004
1480
1431
4861
6557
6715
9285
3200
553
6611
544
9046
4243
446
1906
8922
882
4844
3353
5967
3166
791
7544
249
3286
439
4912
6816
5532
6466
4814
588
5009
880
3211
8359
5791
7140
9252
472
7959
8598
735
3423
6983
5003
4369
4156
1905
5284
6057
7223
6014
3382
1035
8210
2867
9602
9314
1378
4017
1631
8728
2932
288
4738
7721
8801
2546
1200
8450
1256
9641
2892
7389
7460
3100
1083
7953
5631
9000
4491
8407
6
1197
6902
7340
7677
4219
7678
2260
5497
7977
3982
9073
6849
2426
2785
445
1257
8918
9766
5925
3866
8292
1805
4276
1717
9227
7550
8021
9875
471
2724
7951
2860
9186
4857
8101
6855
501
2363
8389
5885
8036
4671
1439
3300
4998
2584
5723
6979
9564
5315
158
7961
3322
722
2076
9860
4655
7540
67
6690
3387
5896
2000
1908
9323
3834
7315
2348
6373
7083
8461
6943
4355
5593
3084
3462
4774
3981
9805
828
5579
6192
9801
7041
3697
2961
3359
4179
7003
4201
2943
1266
9255
3700
7809
9539
7604
4682
3571
9800
241
9379
3592
2455
4479
9274
1557
4753
2481
1984
2669
5545
9520
8833
2410
9225
8331
5567
7191
4061
7372
1484
5703
8758
9900
3320
6321
7588
2610
9147
7154
7509
1689
6228
1972
4805
2044
8757
4612
2430
4951
1224
974
4125
9417
399
4506
4986
3484
5974
3070
5001
152
8621
1400
6024
2031
5305
9207
1039
1020
4987
8592
3373
7872
4161
7186
783
8383
9311
784
1855
5561
8324
5597
9669
3482
7723
3620
1093
1406
3676
118
2452
7613
7527
1494
458
4344
7323
3097
6848
9490
8939
219
8714
7350
7553
2174
9122
561
1726
7327
5401
570
9591
5960
3925
1354
8099
7332
3048
3523
558
1671
2814
3600
6866
7137
5955
6747
9687
9480
2449
3213
9580
9469
8438
2565
7285
2098
5123
800
704
7580
2315
5751
6517
2837
7875
8
1928
5581
1124
2009
8439
3622
829
6757
6097
217
981
4683
1851
4368
651
108
7108
3443
3541
7115
7382
1038
2188
1962
8457
8171
1206
1552
2924
95
8580
1796
9773
6909
3678
7620
1228
4059
2562
8113
9459
8644
8672
8080
2163
8387
1145
9951
2321
5318
135
2484
4359
2093
386
324
7467
34
4246
77
662
3087
3662
6880
1879
9121
1457
712
987
8591
4234
1416
2342
9713
8224
5175
4115
9597
7573
904
1868
4721
7455
1968
397
7804
8690
7714
1081
5417
698
645
8650
9508
8339
1236
2856
3706
6220
5035
5623
6837
8862
7750
5596
990
5923
4884
7199
5250
3611
5942
8586
8671
106
7622
9690
3306
6970
7694
1387
6273
3273
7690
2756
1477
5673
5183
2202
8993
7715
4487
4040
8859
858
4719
6439
737
2127
8068
2952
289
4215
6677
4470
8321
7237
8353
3474
4308
2613
2771
3204
991
2686
2717
8313
1860
8282
8128
6695
8970
8364
9405
3846
7474
5134
2284
8738
6536
8853
7343
2255
8857
7577
7652
9366
2512
6358
6256
6907
9264
1811
1769
2268
2644
6779
592
4482
9885
8734
4941
527
5496
426
3841
870
598
332
5064
6581
7194
9678
2206
948
9918
7479
2789
9593
6588
1401
1841
5273
3020
8753
5993
3391
7459
1710
865
5017
1663
4589
7924
1932
6883
4867
4171
2350
4900
8117
7216
2198
8399
6465
7782
5477
2022
5504
5151
5752
8492
1435
1761
3928
4968
7113
2553
2581
5409
6574
9275
3552
1548
634
7638
2184
9791
5232
7206
443
4796
8744
9893
4316
9112
2626
2508
1193
3851
3091
4117
1777
442
6754
2120
